1883
341
413
221
553
386
646
718
211
519
327
143
824
652
726
295
705
688
445
334
547
825
756
845
196
288
788
421
266
167
672
632
336
107
884
146
736
272
503
166
805
857
819
654
188
581
737
646
210
671
1484
768
629
623
497
443
204
749
597
349
229
597
372
326
153
612
175
198
316
426
547
865
593
754
185
642
325
471
707
240
659
824
633
613
656
711
608
323
310
579
479
893
476
843
805
582
756
751
451
866
1650
602
609
243
726
449
897
394
618
477
344
464
273
562
307
508
456
206
757
785
348
783
670
654
214
464
356
592
361
555
774
756
264
715
879
317
852
365
289
802
460
391
238
384
192
276
857
459
489
621
1446
257
408
477
604
299
885
299
894
268
290
572
498
649
566
594
487
574
654
496
128
250
304
596
494
789
816
514
588
531
806
287
450
525
110
510
323
495
619
360
382
626
471
180
819
534
815
539
617
241
1312
586
734
292
545
821
759
883
327
825
680
249
530
802
611
721
144
239
535
523
722
832
421
341
680
494
630
295
706
152
740
807
167
331
429
756
432
833
627
373
166
153
701
581
820
574
516
713
816
816
1778
609
157
233
108
355
686
338
452
718
619
296
438
550
200
466
119
677
873
524
416
588
691
406
899
327
363
205
737
803
875
598
440
842
659
633
205
108
386
364
777
174
366
702
449
336
248
398
134
617
1361
826
306
184
536
566
630
412
435
270
186
578
683
881
239
573
500
766
424
541
500
608
762
337
433
197
100
511
809
494
161
749
225
591
634
287
872
217
856
509
775
463
313
763
599
373
296
768
731
848
1883
296
464
479
794
780
114
512
535
483
171
392
268
708
692
879
731
244
265
710
111
672
595
855
252
210
422
511
744
143
299
685
240
581
448
206
380
608
327
863
538
565
826
777
811
361
150
306
157
445
1562
564
350
474
820
677
102
457
539
240
186
493
676
597
812
550
143
895
777
706
610
204
900
583
374
878
396
802
380
407
236
808
875
649
532
154
168
682
613
727
357
722
459
572
235
100
136
377
815
138
1733
334
395
783
792
819
641
233
755
543
868
506
790
308
548
615
452
299
481
192
551
266
219
357
224
815
823
375
126
153
375
643
655
359
379
676
222
805
336
115
508
453
149
235
538
758
464
740
788
778
1784
233
356
174
787
609
790
298
272
163
310
653
703
322
647
619
324
500
686
267
834
455
188
676
800
877
236
747
710
258
113
237
247
587
114
781
326
879
855
467
258
234
167
453
267
734
630
677
426
370
1520
380
725
489
734
766
781
419
538
341
136
105
320
304
308
207
653
783
900
713
455
337
621
290
664
458
882
496
621
258
714
146
830
428
711
762
112
488
452
789
497
859
106
582
818
280
438
184
148
485
1442
536
165
838
684
792
298
625
845
109
708
156
764
784
566
488
880
586
490
897
185
746
117
340
818
157
138
164
765
203
553
228
578
771
523
599
666
553
185
782
405
565
434
785
126
896
625
887
261
360
1691
810
851
281
883
581
476
598
697
603
184
854
274
383
692
520
747
334
511
515
727
648
284
454
814
860
718
752
264
424
657
407
550
361
747
233
277
191
462
353
693
439
771
399
780
367
298
118
836
475
1631
489
876
586
834
803
250
112
182
679
537
759
754
299
749
898
625
301
449
717
525
542
102
425
768
464
309
250
661
749
438
516
134
267
760
255
790
492
418
546
667
602
795
778
663
359
484
159
603
897
1601
463
225
772
446
319
696
872
520
223
881
635
752
456
101
217
465
462
193
243
395
270
268
409
879
124
778
523
282
755
742
739
848
840
442
884
442
419
603
689
338
404
184
659
523
692
740
158
326
403
1112
510
478
782
488
621
350
584
699
296
711
828
517
443
591
242
252
474
779
494
503
247
122
266
430
698
281
655
557
192
543
806
672
322
470
758
862
270
226
791
770
282
740
597
170
296
304
801
127
137
1187
654
492
591
130
482
684
294
796
437
308
192
149
220
104
454
760
898
641
838
187
154
197
575
873
477
873
765
764
597
343
524
813
348
668
388
332
883
664
153
703
726
131
136
786
505
493
694
891
215
1319
104
304
627
388
548
452
697
597
113
228
176
316
243
186
439
255
342
662
192
226
566
825
796
229
200
702
601
269
823
104
207
216
797
865
566
613
731
652
657
610
427
316
827
715
789
691
625
841
134
1483
398
423
817
825
560
683
199
544
383
223
337
149
330
707
332
737
129
565
500
576
473
260
518
589
585
898
394
597
472
748
676
205
806
167
838
413
814
298
518
611
194
829
155
181
864
866
827
823
465
1864
600
699
301
231
276
356
852
307
296
709
891
865
237
147
633
113
752
885
657
135
264
720
224
862
209
837
270
602
658
326
285
562
431
140
278
621
284
555
496
617
473
394
468
608
899
322
527
422
751
1224
140
666
321
826
234
877
748
831
485
270
655
651
566
187
336
257
234
670
589
354
698
688
371
433
488
384
133
427
442
898
444
790
476
780
830
245
710
351
284
197
612
292
845
788
561
268
124
191
518
1438
455
791
746
676
625
253
665
809
867
665
606
186
404
623
439
166
507
172
552
360
656
323
663
599
726
377
741
210
806
612
135
353
141
387
131
216
748
689
211
121
444
850
594
847
306
765
192
350
537
1582
360
736
804
355
874
242
688
878
576
318
437
741
595
212
675
746
880
232
719
793
393
148
422
127
133
834
716
711
429
818
215
617
374
102
665
452
375
478
698
595
299
336
555
552
802
773
604
260
898
1759
374
700
688
135
717
750
271
841
660
626
522
756
711
214
649
501
606
556
491
305
576
489
660
880
397
575
848
595
372
702
894
801
891
407
272
152
858
698
275
403
259
261
690
383
435
388
117
693
663
1943
690
725
893
146
283
210
530
672
653
872
900
177
586
452
772
128
815
896
307
168
866
148
235
832
689
328
525
184
462
623
393
159
767
351
459
178
249
261
500
439
209
118
761
529
334
224
580
858
126
1856
269
360
506
854
266
896
595
762
554
485
466
486
511
599
169
782
634
639
672
380
361
333
104
703
473
668
760
498
492
636
319
229
387
331
118
260
817
340
729
109
794
649
354
282
269
193
850
436
140
1552
240
522
593
855
288
299
158
332
297
334
309
842
258
786
648
471
548
588
336
175
274
857
386
472
653
229
316
342
402
766
648
577
579
899
174
217
571
206
353
828
509
665
438
147
692
423
812
527
891
1192
706
239
882
215
352
795
883
195
619
184
540
665
545
176
834
271
177
603
574
238
584
843
184
387
101
495
436
215
407
899
846
544
765
212
228
401
289
472
525
875
370
717
153
853
594
166
896
783
733
1705
300
118
402
824
433
462
880
297
571
885
552
310
517
653
736
665
572
484
719
263
639
501
406
766
387
463
505
798
442
601
333
332
322
368
752
752
704
725
100
340
351
273
829
316
444
128
513
699
568
1703
659
551
607
798
289
792
562
749
258
620
893
281
341
462
667
308
686
760
409
770
674
772
305
862
166
814
227
287
865
548
268
456
809
298
278
841
269
819
702
108
366
669
383
401
122
183
468
189
266
1176
264
180
582
413
857
131
816
611
737
211
386
205
137
224
535
173
646
275
363
169
559
396
801
527
129
409
602
282
900
740
870
520
498
430
572
616
242
456
585
292
350
558
788
773
806
855
285
704
684
1216
193
427
875
276
152
845
341
850
882
373
278
538
250
267
865
673
270
509
786
260
799
717
433
150
134
350
249
231
538
467
496
166
193
190
262
389
750
108
156
630
651
805
306
444
371
386
545
467
550
1297
888
852
794
395
295
500
534
369
401
583
515
123
413
886
649
160
175
750
433
623
109
900
194
334
367
229
429
862
670
657
434
223
883
247
337
109
728
189
740
740
695
439
443
346
252
552
834
687
384
1105
618
124
485
531
701
890
285
108
638
608
504
564
342
617
547
546
559
610
252
474
383
391
808
463
197
511
136
353
272
294
528
340
336
706
708
525
285
527
304
196
261
372
872
717
469
797
620
132
171
1516
899
780
807
879
562
875
623
121
439
631
894
378
847
685
158
391
479
348
711
635
180
199
653
480
465
766
887
361
104
474
490
803
891
756
742
275
423
147
732
581
552
832
342
783
778
835
765
113
767
1738
695
161
823
272
611
584
246
778
882
843
470
663
124
247
437
159
451
892
722
474
484
755
485
858
780
421
383
534
819
351
638
618
676
798
263
303
397
494
144
617
458
417
227
897
280
311
848
735
495
1593
337
216
464
499
551
217
161
788
681
343
386
331
245
841
773
601
696
331
103
174
208
253
860
124
803
718
809
714
724
409
295
186
885
366
203
498
559
699
787
461
241
657
857
406
437
787
255
283
664
1754
689
149
839
269
263
434
102
676
817
805
109
658
363
466
884
130
713
754
238
880
371
422
122
654
455
176
650
199
313
503
744
375
744
471
775
443
537
888
218
840
403
146
101
855
200
344
254
655
720
1511
325
781
870
464
720
700
212
700
756
321
334
229
124
534
299
513
387
117
311
143
167
734
425
186
102
818
741
803
707
186
113
290
483
750
667
874
411
161
330
267
401
148
626
806
222
452
580
462
140
1283
717
521
609
405
219
716
318
527
347
687
755
674
166
398
219
854
246
362
716
462
401
278
610
550
161
533
768
789
477
746
254
200
104
447
266
779
777
356
839
620
674
649
405
818
142
720
642
337
695
1247
651
596
142
447
653
222
795
483
602
884
697
273
887
741
582
648
488
460
238
198
148
653
746
678
506
379
119
855
856
884
565
744
385
614
102
243
269
573
479
509
576
367
788
423
811
605
536
184
545
1876
436
235
884
344
413
265
855
271
685
123
672
519
862
744
404
554
877
710
254
887
491
373
344
300
403
698
192
755
407
185
334
315
159
638
209
865
722
818
866
341
210
448
293
502
387
767
297
235
197
1564
525
728
876
603
593
428
380
397
811
358
141
846
843
686
319
338
373
470
199
695
141
158
819
187
826
388
844
539
676
121
864
310
326
632
692
854
668
708
110
742
703
284
627
832
278
460
225
789
374
1541
663
748
810
688
587
815
231
221
647
812
642
221
410
342
599
523
361
186
373
191
712
691
108
702
190
886
182
685
625
423
282
211
852
600
729
570
284
361
299
685
756
334
252
809
594
622
527
189
551
1473
343
763
390
372
761
884
156
888
280
487
820
263
359
573
631
633
321
859
173
270
533
494
367
403
437
785
348
293
285
516
663
813
629
369
695
445
458
598
414
860
382
180
712
142
450
891
870
736
802
1755
192
343
133
226
884
341
147
644
326
626
446
463
616
737
863
173
600
109
639
746
442
554
846
826
548
855
397
403
797
733
310
498
167
175
811
347
719
526
603
712
765
764
595
417
839
529
819
701
846
1130
771
439
328
167
141
760
325
180
854
474
320
302
867
900
624
783
255
501
476
644
845
607
246
536
220
267
763
506
229
532
343
865
668
833
871
328
226
108
196
709
130
503
898
549
141
754
853
847
643
1143
249
103
230
510
446
157
521
575
463
575
434
514
168
597
423
843
419
457
458
365
838
491
184
535
614
249
262
174
628
201
823
660
639
599
777
478
647
672
169
637
535
438
173
296
680
512
307
493
280
1671
592
335
342
858
614
182
445
293
414
418
621
352
883
667
369
581
798
886
164
798
193
830
212
478
484
404
351
305
394
417
384
502
560
160
886
570
142
345
670
852
434
442
691
330
605
562
221
350
877
1681
568
331
183
833
326
436
461
881
551
896
870
889
637
532
292
847
282
354
188
630
206
621
512
345
671
598
169
681
486
315
297
109
327
678
713
447
795
121
767
301
871
240
838
646
892
476
643
648
531
1978
646
887
493
717
732
445
420
104
701
801
428
751
421
288
114
159
211
122
343
156
487
504
818
441
880
895
719
716
900
809
250
152
425
128
774
870
839
295
819
503
129
790
802
542
217
333
406
417
295
1146
882
277
328
331
182
398
568
102
224
304
253
458
583
473
448
192
222
166
739
178
647
300
687
636
414
898
490
598
398
204
899
240
427
892
622
409
142
295
776
484
509
719
741
401
101
742
625
361
523
1333
143
730
875
273
730
153
388
467
288
346
469
441
385
602
405
766
341
810
566
801
276
522
531
263
351
555
851
512
412
355
653
640
577
187
370
434
749
405
284
338
199
272
356
378
698
694
872
411
188
1800
108
595
333
428
150
256
883
123
499
780
847
133
434
204
113
524
241
415
852
435
292
487
136
680
618
631
302
809
820
140
123
331
516
164
819
169
321
572
475
327
330
869
860
346
561
110
517
790
728
1945
326
543
263
639
546
215
367
501
477
235
661
353
160
296
394
214
141
218
877
163
573
441
644
180
352
202
894
762
545
849
443
381
644
567
384
211
141
817
130
375
878
135
201
859
890
887
256
318
874
1405
186
527
606
526
732
297
322
821
819
875
402
817
782
218
219
829
207
625
778
694
578
361
757
452
460
817
876
828
417
457
574
776
304
192
586
840
795
599
350
278
256
839
683
710
172
370
363
753
774
1383
269
355
683
770
614
527
628
594
119
111
622
499
641
537
461
579
748
359
801
269
796
348
387
735
433
829
768
889
327
492
666
750
314
328
533
105
851
160
388
600
703
611
730
612
404
828
629
718
361
1654
558
729
250
343
700
349
437
861
663
246
672
421
390
190
869
226
360
202
472
434
682
513
867
503
783
307
726
391
816
340
268
416
671
148
265
598
288
722
382
708
582
180
261
580
506
714
803
269
540
1421
315
301
593
679
520
572
556
876
567
824
101
562
359
369
349
656
377
213
568
374
802
570
794
334
403
229
808
363
884
296
610
473
491
319
365
674
804
265
579
728
706
102
256
238
521
772
290
756
406
1541
125
446
230
722
319
592
295
280
495
833
494
193
607
615
579
428
724
112
221
363
373
190
350
634
215
313
735
248
147
583
502
482
859
277
338
684
835
477
819
511
645
115
594
824
657
615
458
674
117
1183
422
304
742
845
513
101
456
608
485
423
702
143
815
116
402
872
871
838
897
413
408
522
425
732
675
427
698
677
477
687
467
707
514
405
699
797
244
485
499
381
128
629
136
889
104
175
619
276
119
1106
330
568
669
746
768
883
658
350
601
242
453
883
711
565
786
559
536
499
390
591
577
727
778
885
631
169
842
567
815
146
484
829
243
881
814
451
370
516
213
145
199
123
145
375
352
743
780
880
586
1219
738
864
315
239
114
321
504
896
831
200
757
897
326
645
447
215
170
887
672
472
133
346
439
694
516
304
568
343
243
150
322
265
146
526
546
828
552
775
838
441
546
560
693
373
442
172
681
674
359
1481
876
663
757
635
861
688
163
235
603
201
451
780
183
770
458
621
675
463
430
716
792
245
659
111
259
765
582
677
453
895
635
826
870
199
475
160
891
641
615
739
366
836
822
206
873
110
302
800
206
1164
565
232
416
584
550
505
338
740
396
872
212
878
869
301
605
777
318
695
713
464
832
239
636
131
157
523
888
712
562
621
517
757
703
223
477
784
830
535
407
164
746
827
708
882
740
402
126
128
392
1542
261
487
157
311
293
775
376
719
103
483
102
422
579
357
334
428
838
186
524
547
450
651
406
756
792
592
211
793
408
637
701
461
152
727
878
320
286
584
169
872
796
748
309
439
537
628
380
498
450
1413
133
725
287
854
492
834
566
655
679
582
343
176
615
765
673
473
302
251
827
754
231
207
364
377
753
814
815
427
193
186
372
456
374
598
686
433
814
130
109
475
427
466
235
578
228
575
169
650
859
1448
224
343
774
822
381
846
777
300
898
762
192
640
273
704
788
729
678
282
114
695
132
480
886
519
500
683
258
879
415
263
239
491
118
215
791
700
778
734
624
490
459
105
660
488
429
298
690
564
523
1183
203
876
594
287
549
659
874
553
391
518
783
427
743
899
560
321
459
279
765
787
193
292
823
890
228
411
447
445
804
504
120
667
841
682
601
195
531
669
194
652
183
296
347
611
734
152
281
505
656
1315
754
333
604
301
546
608
118
391
447
689
724
842
725
270
456
766
575
384
702
741
243
683
464
269
788
573
368
334
707
897
752
124
733
416
178
712
321
735
128
649
594
163
663
171
163
559
494
625
539
1941
288
888
462
269
251
414
773
679
302
267
249
323
125
708
816
794
698
110
483
322
503
396
333
655
193
370
745
128
321
247
284
448
267
774
840
643
121
896
394
194
587
178
755
600
442
327
461
158
277
1361
436
693
357
674
403
416
279
585
632
178
432
113
365
654
486
324
723
103
785
482
118
552
871
654
278
359
411
675
849
225
878
420
120
459
764
454
641
673
762
223
394
181
641
221
797
704
894
824
152
1777
849
199
756
679
200
708
354
120
572
232
224
859
808
368
165
157
272
165
876
323
102
510
463
562
181
323
214
694
342
543
451
639
667
643
639
798
385
583
606
383
653
881
358
859
500
769
650
517
490
1508
414
300
491
183
559
290
812
358
768
443
550
518
322
364
141
719
373
249
629
216
371
288
844
889
247
567
209
659
866
493
377
282
243
779
892
455
335
198
114
779
472
397
149
197
135
181
334
181
466
1986
791
462
468
456
353
146
297
418
317
443
347
395
670
297
113
597
709
403
806
759
402
859
709
138
577
608
652
777
364
835
801
594
292
526
629
592
569
531
653
779
485
250
484
508
210
231
576
617
892
1762
459
876
353
465
344
280
762
320
804
580
554
351
470
338
397
328
751
778
776
627
263
587
565
605
612
567
545
352
212
281
867
350
485
123
707
744
617
343
348
238
839
429
340
166
681
379
378
200
438
1179
574
850
596
697
154
296
476
874
622
265
564
487
648
213
526
719
617
142
434
507
149
418
814
160
700
382
257
772
733
502
417
427
792
642
133
345
154
306
312
730
741
169
609
204
758
740
370
603
416
1778
162
713
669
353
887
592
131
834
731
307
420
789
483
696
262
127
799
707
522
859
535
691
337
426
630
402
827
478
274
556
318
455
351
710
383
177
402
631
307
667
210
787
541
799
566
255
182
618
762
1630
578
588
762
342
125
806
780
160
547
483
850
893
563
752
898
868
260
139
866
303
691
804
377
667
649
326
238
493
509
293
651
510
482
488
164
779
635
672
106
561
612
129
552
343
163
514
875
253
666
1776
771
463
717
138
647
388
738
178
721
216
885
637
848
391
449
603
257
137
778
556
790
415
604
624
890
294
197
195
698
388
589
248
378
185
109
450
423
863
666
315
897
815
818
254
706
605
810
837
612
1500
470
104
318
680
106
512
633
778
577
729
733
879
541
546
567
419
285
658
217
539
529
469
250
528
731
175
263
701
412
722
589
789
436
588
658
125
358
737
800
681
883
609
138
747
421
373
636
775
520
1503
370
483
307
664
433
512
234
668
759
109
383
610
469
337
493
825
892
881
574
836
699
762
249
813
662
410
897
472
551
289
519
192
660
671
690
673
288
446
426
477
725
791
410
608
852
321
568
806
589
1975
738
780
218
242
494
430
398
427
170
339
861
675
517
178
215
108
601
900
754
312
737
831
332
785
605
538
721
116
227
815
461
628
796
515
192
442
282
425
862
338
451
240
708
199
852
868
618
210
821
1264
389
561
683
159
163
364
271
470
315
102
269
403
292
178
461
721
639
670
700
714
575
257
797
278
650
356
222
384
254
122
314
465
256
243
768
595
823
568
231
319
638
710
464
416
865
478
286
813
642
1566
191
427
649
443
840
738
150
827
340
173
608
344
541
664
500
551
398
871
126
682
773
860
820
476
748
533
575
683
763
836
596
376
820
395
727
314
147
840
224
450
337
231
560
409
158
562
521
644
347
1222
837
413
483
797
818
716
498
169
264
703
171
759
886
893
555
499
290
612
657
288
567
431
123
550
412
571
495
747
585
853
185
106
899
290
894
363
688
687
363
727
728
215
583
163
316
768
799
308
394
1779
466
450
763
714
302
712
115
496
601
531
427
859
298
754
867
789
438
114
282
166
445
585
658
641
316
515
415
675
867
668
578
273
864
554
517
330
615
533
792
711
723
108
124
560
223
628
435
678
824
1945
807
170
688
115
169
777
594
878
663
656
581
529
792
627
861
346
185
900
254
900
471
537
794
192
652
692
843
160
264
217
538
474
243
630
753
448
269
801
558
201
797
587
704
541
141
728
560
388
236
1414
541
320
900
280
681
521
604
385
137
472
146
134
241
761
419
626
582
274
617
247
166
876
171
227
202
686
339
659
623
563
261
337
602
314
578
676
838
763
119
406
205
312
572
235
887
488
334
429
576
1514
781
136
505
636
606
568
272
548
366
377
432
371
614
180
236
231
863
441
402
123
139
524
488
115
488
832
505
757
746
477
392
384
377
482
591
112
493
873
700
326
798
822
657
582
850
507
372
348
596
1587
610
577
173
823
603
400
246
465
707
896
187
431
230
300
368
831
286
778
866
300
375
345
585
558
792
655
803
694
124
329
769
716
180
877
294
481
895
545
685
405
102
329
868
151
528
181
345
144
519
1219
609
311
804
222
871
585
590
227
704
876
704
398
782
814
380
122
181
276
201
512
670
494
805
267
124
519
168
132
122
502
653
511
843
766
426
238
176
370
511
182
886
186
272
780
782
604
738
174
606
1854
825
664
771
562
465
296
226
717
800
232
181
850
698
563
591
807
663
736
867
643
198
466
831
133
265
693
109
858
483
649
651
810
178
584
615
735
681
333
126
542
106
384
466
318
651
215
188
497
497
1633
399
291
581
473
484
544
292
791
235
555
866
435
450
350
214
475
812
469
333
546
266
361
761
764
264
534
189
230
259
730
192
353
454
305
861
659
721
702
860
341
248
588
335
383
682
239
173
446
517
1994
499
177
510
801
682
154
331
751
191
121
358
693
566
599
743
130
110
159
708
821
690
348
377
120
702
527
430
345
153
584
175
148
232
625
515
313
600
152
827
570
782
881
118
801
790
291
126
430
586
1906
265
110
442
218
574
277
101
415
213
205
640
721
199
303
289
634
850
161
515
209
635
384
899
140
387
362
116
549
509
369
227
560
266
885
383
101
672
262
696
141
311
215
734
739
497
200
152
141
146
1314
765
142
565
239
361
390
303
471
185
862
369
471
630
104
272
183
450
591
311
143
661
385
703
301
115
550
430
604
833
811
598
429
729
765
670
739
798
572
224
442
343
109
227
567
224
302
318
471
579
1754
576
669
725
692
898
552
804
794
620
394
519
299
827
103
741
336
477
459
490
673
580
140
182
517
145
189
101
244
243
460
326
610
464
549
414
826
615
280
366
689
322
879
298
247
705
535
380
118
855
1771
403
483
525
506
234
737
202
597
832
375
633
414
353
673
125
617
392
873
108
325
317
757
531
690
451
120
460
297
725
137
310
698
685
696
362
636
208
578
887
491
274
847
711
855
574
712
464
891
587
3427
2704
2750
2322
2882
2584
2832
2457
2297
2166
2746
2394
2613
2313
2673
2678
2229
2749
2258
2452
2398
2810
2184
2256
2611
2603
2163
2776
2401
2239
2885
2361
2830
2842
2118
2204
2301
2397
2670
2471
2895
2509
2446
2473
2136
2850
2669
2400
2481
2319
3902
2234
2184
2365
2153
2686
2688
2733
2516
2116
2605
2154
2722
2783
2410
2150
2810
2489
2616
2703
2233
2772
2694
2688
2156
2761
2232
2763
2510
2753
2260
2675
2482
2345
2125
2510
2744
2397
2586
2802
2788
2627
2436
2196
2765
2358
2575
2369
2353
2527
3140
2869
2224
2444
2625
2284
2266
2826
2567
2386
2596
2218
2859
2245
2751
2424
2409
2425
2512
2161
2429
2525
2573
2333
2594
2687
2148
2386
2788
2227
2409
2331
2537
2781
2587
2722
2839
2596
2185
2692
2894
2616
2739
2884
2132
2128
2711
2590
2605
2629
3263
2661
2126
2389
2789
2766
2157
2354
2593
2113
2697
2831
2777
2211
2465
2617
2671
2646
2699
2733
2430
2572
2456
2286
2597
2651
2186
2437
2660
2383
2603
2155
2574
2655
2429
2444
2759
2864
2412
2477
2777
2129
2282
2724
2499
2638
2772
2743
2617
2395
3856
2598
2549
2316
2348
2372
2583
2631
2388
2605
2571
2443
2551
2289
2376
2108
2240
2667
2200
2199
2771
2616
2849
2859
2731
2497
2874
2263
2764
2776
2157
2220
2322
2828
2866
2796
2624
2569
2627
2424
2822
2384
2736
2744
2770
2882
2761
2801
2863
2892
3316
2840
2752
2384
2819
2419
2423
2379
2864
2113
2310
2682
2829
2683
2168
2816
2375
2678
2783
2462
2414
2334
2625
2425
2679
2522
2812
2156
2872
2174
2229
2167
2852
2333
2843
2409
2860
2268
2547
2301
2362
2425
2874
2605
2374
2164
2620
2323
2277
2171
3876
2285
2859
2199
2179
2578
2684
2309
2301
2718
2394
2340
2713
2498
2262
2407
2858
2611
2794
2814
2838
2822
2263
2137
2734
2264
2333
2700
2166
2411
2529
2387
2578
2467
2555
2875
2900
2795
2194
2780
2595
2884
2401
2357
2273
2231
2729
2768
2784
2601
3419
2551
2164
2838
2434
2701
2677
2523
2243
2751
2739
2531
2314
2151
2520
2705
2263
2109
2838
2263
2835
2564
2592
2768
2579
2632
2847
2742
2165
2109
2766
2371
2765
2253
2144
2231
2351
2452
2853
2124
2156
2588
2753
2601
2604
2649
2675
2422
2385
2804
3914
2651
2689
2630
2125
2501
2825
2611
2143
2815
2195
2746
2118
2147
2295
2665
2842
2879
2299
2305
2398
2312
2266
2575
2307
2817
2470
2807
2743
2404
2583
2289
2298
2609
2764
2374
2674
2225
2479
2572
2230
2368
2672
2573
2316
2521
2561
2569
2382
2250
3972
2160
2624
2694
2758
2549
2458
2217
2396
2773
2425
2726
2565
2314
2137
2262
2265
2844
2728
2374
2857
2152
2126
2295
2424
2786
2896
2697
2343
2331
2867
2724
2495
2656
2560
2769
2269
2882
2402
2695
2890
2292
2684
2474
2767
2207
2249
2489
2751
2623
3907
2773
2361
2196
2482
2462
2114
2796
2210
2373
2481
2333
2606
2335
2434
2765
2286
2527
2273
2601
2435
2572
2285
2668
2783
2229
2872
2221
2616
2404
2379
2481
2179
2260
2160
2899
2528
2607
2228
2518
2191
2527
2773
2552
2185
2668
2353
2340
2355
2683
3650
2706
2475
2451
2760
2717
2880
2276
2431
2343
2752
2198
2134
2367
2207
2668
2355
2434
2412
2470
2554
2725
2714
2159
2523
2485
2507
2307
2711
2459
2548
2105
2763
2667
2310
2768
2805
2729
2197
2656
2179
2778
2422
2691
2841
2492
2146
2696
2627
2838
3116
2505
2481
2332
2700
2708
2799
2147
2796
2357
2856
2504
2457
2438
2522
2886
2317
2191
2261
2516
2290
2222
2728
2547
2291
2767
2388
2833
2611
2525
2394
2804
2408
2873
2647
2542
2885
2847
2242
2561
2148
2528
2619
2471
2745
2443
2378
2288
2104
2674
3299
2647
2393
2352
2432
2592
2638
2345
2226
2655
2657
2794
2461
2872
2268
2636
2887
2633
2390
2473
2791
2655
2585
2160
2482
2240
2737
2833
2161
2844
2274
2560
2413
2540
2715
2682
2279
2726
2603
2288
2647
2463
2695
2616
2850
2280
2629
2193
2586
2220
3775
2625
2461
2401
2341
2783
2763
2112
2647
2686
2569
2658
2749
2147
2271
2127
2148
2682
2188
2190
2262
2765
2780
2454
2611
2841
2857
2226
2198
2146
2569
2454
2811
2844
2172
2185
2259
2894
2242
2706
2623
2400
2114
2461
2437
2107
2707
2125
2619
2882
3882
2503
2309
2327
2722
2219
2673
2516
2516
2850
2306
2885
2446
2563
2128
2788
2283
2236
2647
2207
2754
2486
2874
2251
2794
2183
2266
2774
2584
2680
2647
2560
2754
2412
2835
2876
2351
2841
2759
2256
2212
2743
2267
2334
2523
2377
2619
2286
2424
2405
3149
2462
2191
2825
2760
2329
2797
2606
2341
2116
2376
2775
2266
2866
2209
2327
2695
2530
2206
2733
2398
2206
2448
2287
2822
2805
2646
2765
2721
2221
2405
2267
2877
2792
2478
2247
2784
2874
2763
2722
2118
2544
2309
2383
2646
2706
2268
2614
2799
2699
3449
2532
2528
2635
2883
2115
2802
2663
2575
2718
2674
2749
2655
2725
2438
2837
2899
2183
2456
2352
2561
2200
2168
2266
2878
2436
2285
2449
2384
2761
2716
2644
2710
2482
2183
2784
2679
2752
2870
2886
2293
2255
2205
2752
2182
2295
2591
2261
2409
2674
3694
2888
2215
2722
2476
2286
2652
2319
2108
2140
2732
2162
2198
2776
2864
2782
2798
2741
2198
2832
2870
2230
2210
2535
2388
2839
2845
2141
2101
2461
2345
2457
2827
2838
2304
2816
2810
2363
2207
2899
2844
2335
2106
2646
2633
2243
2837
2728
2571
2759
3384
2301
2599
2116
2341
2743
2208
2887
2543
2789
2189
2878
2606
2246
2712
2566
2510
2176
2113
2738
2363
2131
2488
2187
2511
2103
2675
2617
2111
2110
2655
2744
2760
2268
2711
2645
2257
2861
2445
2365
2544
2167
2107
2126
2781
2203
2783
2120
2191
2530
3442
2387
2600
2180
2361
2627
2118
2607
2261
2703
2247
2529
2347
2435
2866
2599
2367
2385
2718
2800
2603
2623
2829
2616
2471
2173
2815
2539
2715
2854
2888
2757
2533
2212
2609
2782
2628
2539
2119
2664
2573
2442
2698
2784
2467
2503
2659
2630
2414
2652
3691
2681
2659
2478
2335
2531
2271
2460
2857
2146
2687
2495
2824
2273
2289
2540
2452
2759
2800
2352
2693
2700
2639
2556
2671
2246
2832
2210
2626
2898
2291
2442
2395
2843
2434
2416
2595
2689
2492
2249
2885
2799
2752
2366
2900
2803
2192
2321
2849
2752
3733
2879
2684
2789
2516
2825
2290
2717
2447
2129
2488
2647
2242
2685
2204
2513
2864
2148
2380
2479
2238
2657
2817
2215
2272
2154
2654
2101
2768
2746
2416
2776
2579
2250
2267
2274
2383
2259
2584
2228
2279
2769
2309
2627
2102
2361
2382
2546
2304
2331
3324
2487
2527
2436
2551
2433
2733
2268
2877
2795
2820
2587
2815
2189
2383
2141
2781
2224
2135
2233
2562
2783
2572
2398
2425
2194
2773
2655
2781
2872
2709
2614
2774
2108
2463
2730
2609
2778
2474
2300
2283
2517
2110
2829
2726
2532
2744
2363
2756
2250
3492
2754
2688
2860
2870
2261
2362
2697
2634
2433
2523
2294
2326
2536
2340
2233
2581
2267
2576
2870
2334
2781
2898
2229
2466
2670
2828
2891
2318
2284
2814
2490
2771
2650
2403
2850
2216
2296
2236
2250
2888
2195
2691
2328
2207
2128
2307
2451
2531
2710
3187
2558
2754
2221
2249
2559
2518
2532
2422
2113
2756
2749
2428
2648
2317
2143
2878
2105
2155
2741
2504
2348
2251
2704
2262
2424
2242
2751
2168
2783
2495
2442
2265
2402
2422
2107
2765
2718
2109
2692
2228
2330
2484
2690
2431
2573
2627
2343
2549
2323
3335
2277
2686
2794
2478
2614
2415
2268
2589
2722
2759
2139
2807
2174
2240
2324
2446
2566
2520
2673
2253
2854
2417
2685
2301
2288
2570
2739
2755
2894
2857
2756
2645
2609
2648
2143
2599
2643
2354
2827
2467
2310
2182
2652
2846
2109
2563
2313
2249
2522
3975
2883
2582
2621
2412
2781
2602
2535
2750
2204
2190
2293
2179
2299
2772
2663
2726
2663
2677
2632
2646
2465
2756
2229
2647
2744
2235
2404
2299
2806
2705
2633
2837
2805
2319
2577
2671
2210
2665
2455
2312
2155
2620
2497
2678
2637
2318
2674
2755
2874
3472
2641
2570
2814
2538
2377
2184
2434
2368
2766
2731
2191
2550
2723
2822
2262
2128
2722
2264
2477
2879
2290
2844
2618
2641
2302
2698
2361
2847
2209
2121
2545
2118
2643
2859
2426
2602
2521
2718
2366
2449
2841
2381
2626
2418
2274
2770
2644
2590
2215
3929
2809
2734
2304
2271
2307
2170
2122
2234
2637
2582
2819
2267
2675
2114
2685
2865
2374
2496
2427
2648
2116
2876
2744
2752
2552
2743
2243
2761
2811
2669
2426
2575
2669
2291
2319
2464
2156
2724
2225
2661
2804
2494
2659
2385
2197
2623
2137
2224
2358
3376
2361
2173
2224
2370
2830
2773
2742
2792
2372
2272
2139
2165
2863
2315
2118
2690
2678
2887
2704
2351
2295
2599
2478
2707
2546
2190
2846
2159
2741
2730
2126
2820
2351
2441
2541
2532
2226
2540
2516
2634
2381
2119
2247
2201
2749
2152
2471
2465
2843
3666
2102
2329
2258
2570
2742
2683
2674
2569
2665
2226
2782
2136
2751
2758
2234
2467
2789
2736
2136
2698
2333
2402
2318
2268
2874
2431
2753
2391
2367
2328
2660
2436
2252
2583
2697
2358
2510
2560
2185
2833
2113
2615
2737
2698
2613
2784
2167
2502
2570
3256
2194
2261
2241
2846
2439
2780
2577
2644
2718
2387
2497
2471
2895
2813
2469
2853
2734
2839
2615
2706
2650
2899
2415
2714
2899
2189
2150
2221
2142
2103
2417
2696
2395
2435
2410
2773
2195
2348
2525
2287
2524
2178
2770
2115
2531
2565
2888
2202
2175
3403
2522
2888
2803
2631
2584
2212
2480
2288
2400
2217
2446
2700
2675
2563
2771
2549
2126
2760
2435
2810
2563
2578
2263
2715
2505
2655
2148
2288
2119
2160
2177
2668
2731
2604
2356
2795
2151
2126
2418
2754
2611
2638
2873
2333
2537
2280
2396
2556
2641
3939
2123
2803
2384
2193
2431
2748
2173
2278
2188
2380
2779
2826
2283
2441
2114
2843
2262
2218
2515
2359
2884
2294
2285
2617
2803
2450
2258
2778
2211
2294
2500
2537
2408
2545
2228
2244
2172
2190
2436
2366
2725
2806
2274
2400
2859
2768
2688
2522
2241
3165
2234
2333
2145
2122
2522
2859
2341
2216
2767
2675
2123
2345
2402
2137
2665
2253
2235
2530
2647
2638
2572
2473
2322
2480
2218
2185
2489
2495
2388
2146
2649
2565
2723
2325
2854
2500
2387
2682
2285
2864
2128
2527
2393
2728
2354
2515
2674
2390
2766
3563
2318
2530
2853
2293
2406
2470
2663
2441
2679
2112
2100
2762
2859
2800
2573
2353
2419
2289
2431
2804
2380
2444
2602
2261
2161
2533
2752
2189
2331
2258
2375
2343
2598
2374
2199
2384
2819
2620
2786
2396
2191
2474
2687
2188
2807
2384
2675
2285
2196
3405
2392
2781
2399
2891
2367
2421
2570
2772
2183
2659
2110
2829
2618
2230
2524
2898
2476
2412
2212
2337
2491
2384
2837
2705
2594
2610
2453
2558
2596
2543
2195
2138
2671
2678
2522
2320
2303
2572
2567
2393
2654
2270
2633
2197
2321
2511
2550
2144
2298
3241
2679
2606
2712
2480
2713
2255
2238
2139
2108
2607
2291
2533
2888
2880
2869
2408
2582
2765
2545
2727
2812
2799
2357
2837
2560
2495
2474
2445
2143
2392
2103
2886
2146
2118
2225
2600
2675
2453
2832
2583
2534
2134
2865
2266
2702
2429
2501
2411
2447
3589
2682
2675
2449
2137
2584
2718
2273
2691
2690
2209
2467
2687
2736
2628
2395
2142
2632
2537
2277
2622
2140
2113
2199
2199
2609
2535
2121
2411
2614
2321
2106
2612
2371
2764
2865
2485
2369
2715
2805
2327
2610
2846
2204
2302
2816
2109
2392
2393
2513
3221
2882
2583
2778
2441
2174
2169
2183
2367
2101
2418
2690
2239
2689
2845
2699
2692
2297
2201
2566
2857
2431
2272
2363
2565
2308
2253
2274
2207
2651
2485
2483
2601
2692
2788
2604
2154
2500
2546
2483
2180
2372
2702
2333
2217
2683
2893
2682
2365
2143
3278
2260
2323
2552
2895
2889
2843
2157
2118
2196
2512
2401
2108
2561
2234
2157
2712
2110
2541
2379
2875
2265
2405
2131
2174
2724
2385
2228
2628
2691
2261
2372
2730
2660
2679
2689
2456
2899
2242
2871
2510
2148
2486
2526
2813
2453
2508
2755
2445
2372
3593
2223
2496
2319
2718
2547
2742
2838
2884
2145
2495
2891
2721
2106
2686
2834
2814
2692
2300
2561
2202
2326
2863
2866
2342
2282
2179
2886
2176
2184
2550
2525
2220
2788
2162
2400
2358
2179
2430
2202
2176
2683
2304
2898
2677
2198
2478
2789
2795
2161
3218
2860
2244
2472
2618
2450
2537
2710
2790
2167
2811
2176
2372
2174
2341
2617
2758
2509
2869
2394
2837
2514
2334
2354
2181
2498
2748
2179
2121
2335
2767
2710
2194
2829
2420
2741
2474
2703
2776
2456
2297
2187
2175
2152
2469
2480
2631
2590
2462
2140
3709
2292
2269
2532
2233
2567
2723
2250
2631
2710
2333
2633
2815
2460
2249
2861
2768
2760
2174
2703
2578
2228
2809
2328
2715
2142
2533
2464
2647
2262
2738
2635
2405
2359
2412
2138
2515
2486
2601
2485
2415
2791
2865
2114
2284
2617
2611
2437
2594
2341
3349
2548
2160
2507
2703
2305
2381
2153
2527
2625
2834
2748
2681
2491
2884
2538
2402
2887
2551
2305
2837
2384
2274
2859
2662
2496
2554
2712
2403
2205
2269
2803
2429
2699
2372
2559
2625
2313
2900
2405
2615
2626
2457
2128
2497
2685
2116
2188
2864
2277
3559
2521
2239
2778
2782
2406
2156
2235
2396
2421
2256
2335
2843
2720
2288
2671
2360
2587
2456
2824
2119
2286
2415
2181
2271
2730
2780
2495
2265
2568
2421
2835
2869
2507
2714
2497
2163
2128
2119
2671
2610
2344
2177
2488
2411
2174
2440
2471
2504
2138
3579
2896
2709
2137
2900
2811
2808
2255
2457
2447
2261
2873
2825
2250
2402
2836
2734
2826
2499
2414
2176
2680
2624
2855
2594
2414
2509
2683
2142
2528
2225
2875
2104
2742
2238
2378
2421
2296
2496
2254
2617
2733
2226
2629
2117
2233
2763
2612
2572
2689
3642
2402
2799
2283
2664
2599
2760
2379
2587
2134
2660
2542
2871
2302
2253
2473
2146
2891
2632
2535
2288
2237
2761
2900
2293
2143
2179
2408
2870
2616
2830
2250
2426
2237
2171
2153
2877
2178
2830
2128
2111
2787
2186
2506
2845
2702
2333
2824
2361
2152
3297
2166
2202
2513
2524
2284
2599
2455
2825
2626
2896
2800
2677
2549
2487
2142
2161
2724
2726
2474
2458
2425
2371
2830
2800
2160
2837
2887
2608
2699
2742
2677
2871
2419
2203
2671
2442
2308
2190
2226
2512
2463
2725
2236
2637
2708
2437
2707
2665
2242
3113
2821
2873
2263
2415
2161
2429
2366
2392
2276
2369
2610
2453
2208
2826
2295
2427
2510
2819
2886
2229
2266
2890
2530
2297
2538
2805
2610
2830
2368
2665
2126
2839
2178
2767
2750
2552
2680
2198
2360
2253
2176
2727
2453
2682
2134
2788
2634
2835
2642
3701
2632
2134
2549
2224
2611
2784
2290
2725
2815
2412
2372
2577
2832
2577
2780
2264
2196
2730
2621
2568
2602
2236
2380
2149
2614
2811
2406
2162
2233
2557
2822
2600
2691
2681
2293
2642
2348
2867
2328
2271
2302
2250
2873
2895
2182
2291
2346
2152
2659
3371
2392
2555
2303
2571
2774
2851
2535
2398
2276
2395
2140
2441
2554
2636
2227
2118
2499
2696
2146
2361
2359
2580
2265
2583
2661
2241
2658
2339
2551
2482
2673
2515
2819
2175
2335
2397
2252
2534
2431
2766
2639
2422
2772
2520
2367
2645
2216
2494
2734
3221
2507
2212
2833
2351
2458
2253
2669
2835
2438
2829
2722
2413
2683
2815
2318
2840
2522
2466
2220
2643
2536
2842
2410
2789
2819
2858
2418
2178
2678
2155
2216
2532
2362
2195
2323
2145
2819
2674
2202
2349
2507
2314
2723
2345
2635
2370
2679
2153
2768
3879
2544
2535
2204
2115
2500
2184
2549
2700
2564
2426
2540
2561
2519
2289
2359
2429
2461
2531
2167
2387
2619
2414
2177
2869
2117
2592
2446
2256
2774
2324
2359
2692
2811
2570
2570
2372
2264
2891
2550
2667
2701
2749
2311
2774
2427
2708
2755
2547
2674
3119
2268
2547
2488
2588
2198
2117
2255
2499
2858
2275
2811
2718
2267
2549
2184
2145
2318
2355
2325
2823
2542
2319
2281
2404
2138
2470
2454
2577
2539
2148
2225
2883
2119
2769
2785
2365
2109
2151
2639
2891
2630
2313
2804
2273
2506
2581
2165
2255
2749
3959
2594
2894
2756
2537
2687
2602
2756
2109
2541
2289
2775
2195
2801
2891
2344
2703
2365
2809
2679
2900
2258
2598
2847
2463
2515
2685
2899
2801
2329
2394
2697
2587
2183
2790
2561
2740
2406
2719
2233
2426
2485
2161
2854
2252
2542
2154
2197
2694
2244
3485
2305
2225
2704
2609
2391
2739
2416
2398
2890
2738
2497
2692
2804
2796
2527
2350
2826
2459
2735
2808
2543
2502
2841
2287
2808
2387
2379
2276
2670
2785
2451
2594
2606
2774
2180
2254
2202
2663
2573
2336
2849
2894
2162
2370
2340
2623
2718
2751
2506
3788
2871
2262
2423
2380
2597
2195
2212
2287
2895
2397
2317
2721
2600
2227
2774
2751
2420
2860
2475
2106
2397
2109
2827
2196
2897
2434
2729
2322
2316
2693
2259
2401
2440
2320
2480
2595
2415
2425
2306
2120
2860
2594
2307
2228
2693
2519
2798
2763
2655
3255
2859
2795
2196
2220
2760
2307
2412
2833
2853
2263
2405
2410
2370
2282
2868
2213
2765
2864
2728
2852
2345
2581
2168
2158
2887
2723
2765
2591
2629
2379
2709
2187
2272
2189
2578
2689
2742
2497
2394
2768
2273
2388
2154
2462
2805
2758
2436
2408
2318
3660
2118
2419
2608
2762
2656
2140
2244
2231
2151
2363
2505
2743
2736
2825
2772
2386
2245
2267
2792
2299
2718
2656
2746
2330
2656
2581
2572
2116
2158
2124
2896
2839
2419
2518
2287
2835
2211
2653
2348
2300
2696
2177
2752
2851
2754
2514
2727
2238
2758
3941
2391
2610
2485
2792
2413
2575
2139
2702
2366
2128
2609
2689
2318
2699
2118
2768
2473
2557
2431
2670
2351
2683
2708
2778
2802
2655
2824
2678
2144
2112
2471
2824
2574
2150
2121
2569
2125
2234
2214
2297
2393
2722
2136
2483
2165
2439
2495
2257
2886
3640
2255
2592
2826
2544
2645
2552
2732
2427
2178
2373
2186
2154
2829
2857
2321
2374
2671
2770
2350
2315
2185
2595
2567
2783
2622
2784
2527
2893
2460
2295
2541
2255
2782
2821
2693
2493
2663
2656
2437
2618
2315
2632
2496
2279
2267
2244
2792
2358
2675
3821
2156
2626
2612
2763
2659
2748
2798
2231
2113
2532
2680
2231
2849
2842
2216
2693
2450
2414
2759
2374
2370
2213
2286
2463
2430
2594
2228
2631
2124
2745
2404
2786
2494
2832
2352
2388
2372
2269
2616
2612
2338
2776
2842
2635
2705
2857
2185
2712
2153
3570
2695
2488
2367
2655
2409
2149
2101
2348
2695
2842
2281
2605
2596
2733
2653
2867
2390
2630
2775
2588
2560
2211
2856
2865
2743
2841
2213
2557
2155
2882
2218
2834
2891
2405
2484
2821
2775
2462
2219
2182
2797
2233
2191
2122
2543
2291
2764
2417
2180
3391
2327
2561
2240
2519
2719
2529
2895
2446
2116
2762
2507
2334
2167
2587
2779
2801
2880
2762
2415
2360
2784
2539
2633
2746
2647
2363
2218
2227
2533
2469
2748
2156
2590
2240
2367
2148
2635
2123
2370
2883
2266
2517
2576
2211
2764
2844
2471
2571
2735
3711
2173
2365
2111
2244
2523
2392
2257
2368
2379
2421
2890
2629
2709
2483
2563
2319
2241
2269
2477
2135
2183
2474
2391
2868
2292
2784
2154
2166
2390
2601
2732
2277
2301
2879
2349
2321
2696
2699
2565
2726
2790
2290
2563
2123
2671
2220
2505
2443
2307
3655
2536
2191
2527
2847
2627
2116
2683
2335
2324
2744
2867
2284
2400
2866
2889
2661
2477
2235
2491
2873
2721
2631
2805
2481
2410
2353
2673
2739
2767
2438
2635
2164
2324
2228
2339
2471
2199
2687
2537
2504
2625
2544
2480
2328
2237
2612
2718
2715
2523
3691
2163
2277
2882
2640
2439
2401
2892
2559
2625
2383
2371
2362
2166
2119
2214
2469
2469
2777
2543
2799
2816
2391
2254
2682
2843
2623
2307
2896
2894
2318
2701
2208
2691
2102
2809
2418
2605
2214
2505
2323
2147
2201
2562
2412
2162
2632
2517
2444
2441
3340
2226
2102
2104
2427
2606
2664
2489
2710
2808
2382
2552
2367
2891
2342
2374
2842
2559
2440
2437
2397
2687
2345
2237
2891
2808
2423
2614
2227
2808
2294
2334
2576
2100
2674
2548
2446
2225
2272
2694
2626
2746
2279
2374
2153
2379
2863
2409
2193
2630
3603
2150
2111
2284
2411
2526
2184
2753
2609
2189
2165
2153
2295
2493
2463
2526
2207
2717
2728
2408
2426
2448
2777
2848
2649
2547
2509
2377
2331
2853
2510
2756
2254
2101
2686
2235
2227
2795
2280
2635
2361
2619
2358
2591
2843
2779
2696
2756
2822
2777
3395
2581
2564
2125
2415
2550
2738
2497
2411
2807
2890
2457
2140
2582
2135
2483
2569
2844
2875
2382
2696
2780
2527
2130
2101
2298
2243
2808
2275
2228
2649
2178
2754
2152
2891
2862
2287
2718
2833
2849
2544
2288
2783
2266
2590
2308
2498
2746
2631
2757
3149
2186
2640
2830
2369
2610
2305
2739
2293
2824
2464
2674
2419
2864
2728
2829
2105
2105
2876
2762
2410
2875
2638
2682
2274
2881
2591
2586
2115
2473
2833
2240
2422
2220
2429
2478
2477
2272
2337
2751
2114
2182
2204
2732
2660
2108
2139
2726
2542
2181
3368
2586
2282
2695
2664
2793
2481
2544
2224
2194
2132
2808
2815
2211
2783
2544
2567
2165
2498
2119
2168
2862
2421
2735
2794
2310
2737
2789
2278
2651
2390
2219
2799
2123
2750
2632
2339
2235
2444
2398
2832
2398
2502
2374
2755
2273
2458
2606
2203
2109
3843
2298
2660
2193
2456
2168
2769
2826
2815
2634
2251
2413
2547
2569
2350
2581
2347
2686
2294
2531
2155
2722
2485
2827
2390
2317
2449
2695
2213
2306
2735
2445
2357
2174
2283
2842
2620
2278
2755
2242
2106
2573
2114
2287
2604
2305
2546
2114
2476
2428
3262
2244
2274
2387
2719
2696
2497
2324
2575
2706
2473
2533
2775
2376
2190
2489
2750
2238
2104
2593
2140
2306
2694
2182
2650
2718
2339
2818
2263
2367
2622
2405
2376
2219
2321
2563
2159
2127
2512
2711
2448
2605
2244
2494
2322
2362
2551
2278
2227
2621
3207
2893
2726
2294
2722
2109
2536
2449
2722
2857
2848
2878
2414
2567
2722
2640
2437
2324
2490
2589
2640
2839
2490
2848
2284
2390
2141
2100
2175
2516
2528
2359
2663
2878
2370
2165
2352
2652
2522
2448
2248
2155
2179
2848
2120
2688
2844
2206
2104
2652
3119
2426
2640
2817
2633
2699
2632
2434
2610
2859
2449
2141
2542
2371
2321
2683
2390
2489
2696
2856
2592
2642
2340
2753
2142
2728
2672
2607
2186
2183
2471
2698
2283
2576
2587
2383
2681
2489
2819
2826
2834
2272
2356
2118
2732
2383
2286
2875
2458
2229
3669
2769
2601
2542
2347
2173
2604
2334
2263
2873
2160
2320
2257
2863
2844
2347
2246
2382
2387
2859
2447
2615
2888
2885
2303
2483
2295
2112
2337
2136
2564
2252
2419
2562
2311
2607
2528
2585
2548
2588
2484
2301
2382
2452
2588
2698
2678
2137
2356
2421
3299
2266
2108
2313
2829
2758
2319
2801
2599
2678
2760
2242
2580
2272
2654
2452
2200
2828
2774
2722
2234
2666
2324
2818
2809
2695
2258
2101
2794
2277
2467
2424
2149
2258
2446
2157
2546
2760
2509
2569
2106
2727
2543
2439
2697
2278
2458
2499
2370
2382
3823
2150
2621
2892
2738
2817
2708
2174
2640
2670
2737
2574
2342
2639
2797
2346
2804
2375
2288
2677
2539
2760
2372
2835
2357
2167
2786
2435
2419
2372
2398
2596
2358
2106
2213
2452
2712
2414
2897
2587
2825
2879
2166
2618
2118
2388
2519
2370
2172
2780
3516
2462
2629
2212
2763
2207
2583
2612
2869
2500
2819
2350
2435
2342
2125
2589
2799
2472
2165
2281
2457
2734
2521
2582
2844
2196
2225
2215
2218
2298
2169
2804
2789
2654
2122
2289
2403
2190
2406
2689
2370
2411
2487
2385
2403
2250
2749
2624
2289
2490
3650
2558
2300
2574
2719
2293
2604
2359
2597
2440
2709
2704
2282
2236
2403
2768
2175
2556
2512
2516
2852
2231
2751
2405
2421
2669
2371
2860
2596
2609
2835
2487
2416
2771
2389
2658
2481
2263
2419
2831
2272
2264
2685
2634
2820
2372
2771
2451
2270
2222
3301
2106
2735
2337
2604
2518
2897
2625
2646
2258
2648
2422
2518
2418
2170
2198
2246
2391
2481
2218
2561
2481
2709
2254
2751
2676
2538
2256
2384
2817
2158
2617
2137
2607
2669
2627
2479
2799
2631
2192
2402
2743
2441
2842
2526
2352
2704
2540
2275
2446
3522
2799
2385
2127
2884
2330
2572
2625
2583
2517
2133
2210
2548
2546
2578
2149
2309
2721
2119
2350
2450
2132
2287
2686
2637
2786
2831
2326
2862
2307
2865
2884
2703
2215
2219
2160
2817
2660
2294
2537
2641
2775
2760
2171
2669
2448
2687
2406
2757
2661
3661
2878
2849
2596
2797
2770
2770
2334
2128
2222
2766
2460
2493
2275
2637
2484
2374
2501
2350
2519
2113
2605
2155
2115
2875
2713
2177
2681
2874
2412
2422
2526
2450
2115
2330
2119
2854
2417
2270
2790
2808
2878
2448
2335
2817
2396
2796
2153
2230
2732
3802
2840
2333
2710
2820
2784
2452
2180
2878
2146
2877
2760
2714
2173
2392
2792
2675
2761
2757
2370
2382
2390
2447
2208
2152
2852
2578
2640
2443
2708
2758
2731
2832
2818
2457
2733
2334
2574
2307
2325
2445
2822
2661
2773
2885
2713
2241
2656
2674
2840
3282
2432
2158
2315
2128
2537
2209
2463
2753
2355
2484
2895
2560
2816
2383
2648
2275
2418
2170
2160
2304
2356
2468
2610
2348
2382
2727
2828
2217
2332
2365
2580
2135
2730
2481
2595
2570
2823
2573
2331
2649
2295
2232
2639
2572
2663
2159
2677
2334
2395
3484
2146
2454
2124
2348
2733
2331
2364
2221
2257
2151
2630
2485
2295
2885
2735
2625
2550
2807
2122
2211
2300
2800
2644
2504
2495
2468
2291
2246
2610
2112
2266
2298
2628
2112
2516
2468
2654
2158
2537
2627
2111
2418
2707
2294
2266
2527
2838
2189
2249
3366
2335
2654
2103
2378
2631
2685
2209
2452
2370
2191
2550
2539
2602
2407
2784
2725
2579
2628
2654
2709
2387
2835
2244
2594
2545
2701
2484
2884
2179
2189
2377
2106
2163
2691
2258
2803
2394
2448
2559
2467
2234
2264
2432
2587
2814
2220
2385
2200
2148
3208
2197
2102
2816
2481
2635
2254
2284
2663
2165
2767
2285
2498
2127
2423
2244
2231
2580
2399
2520
2878
2370
2236
2504
2328
2853
2585
2710
2136
2171
2239
2638
2189
2326
2821
2787
2658
2143
2721
2133
2100
2308
2157
2470
2874
2330
2756
2578
2389
2767
3795
2144
2545
2309
2741
2556
2243
2261
2192
2158
2106
2219
2384
2479
2636
2700
2458
2313
2282
2126
2885
2303
2806
2125
2518
2195
2238
2342
2527
2660
2453
2437
2775
2481
2625
2661
2604
2431
2540
2131
2434
2844
2666
2674
2862
2516
2764
2736
2336
2811
3817
2488
2783
2705
2149
2845
2170
2139
2782
2811
2253
2842
2245
2726
2166
2209
2392
2705
2729
2468
2290
2427
2326
2368
2508
2388
2328
2252
2258
2788
2521
2509
2113
2424
2725
2424
2578
2780
2800
2746
2719
2640
2889
2563
2696
2233
2769
2265
2558
2415
3752
2614
2868
2361
2563
2371
2196
2490
2784
2482
2190
2545
2786
2316
2179
2254
2114
2398
2245
2298
2688
2485
2443
2897
2650
2784
2798
2660
2325
2466
2351
2589
2567
2101
2196
2384
2678
2287
2808
2122
2211
2816
2557
2723
2650
2231
2852
2848
2560
2497
3807
2263
2302
2368
2284
2877
2220
2437
2605
2799
2317
2664
2222
2228
2269
2150
2238
2429
2274
2185
2732
2546
2276
2209
2354
2622
2670
2812
2559
2254
2208
2652
2342
2717
2629
2148
2783
2338
2539
2509
2688
2359
2124
2433
2591
2349
2679
2854
2458
2522
3709
2193
2469
2564
2844
2199
2291
2139
2853
2531
2405
2569
2888
2756
2176
2487
2750
2352
2491
2833
2849
2713
2681
2708
2460
2231
2792
2875
2118
2589
2617
2217
2482
2889
2473
2306
2514
2675
2883
2786
2847
2244
2164
2734
2687
2881
2410
2542
2740
2334
3116
2293
2614
2795
2873
2837
2606
2769
2515
2447
2453
2861
2480
2687
2661
2425
2755
2300
2795
2872
2504
2270
2322
2708
2651
2330
2787
2223
2387
2695
2864
2253
2844
2640
2562
2130
2837
2384
2852
2567
2589
2654
2535
2239
2857
2494
2348
2482
2607
2347
3620
2623
2338
2202
2459
2544
2860
2413
2450
2295
2101
2403
2792
2208
2822
2833
2796
2818
2221
2180
2852
2192
2165
2215
2574
2204
2737
2574
2119
2494
2479
2660
2608
2320
2291
2143
2556
2551
2808
2237
2653
2224
2673
2103
2652
2832
2301
2461
2666
2407
3710
2494
2774
2626
2833
2334
2528
2370
2686
2321
2473
2486
2145
2751
2700
2391
2457
2413
2887
2559
2900
2865
2472
2763
2473
2409
2464
2764
2505
2636
2574
2483
2853
2563
2664
2275
2769
2810
2332
2817
2726
2557
2557
2199
2769
2556
2709
2621
2173
2655
3792
2675
2390
2391
2210
2271
2410
2489
2153
2883
2754
2595
2194
2565
2269
2589
2819
2744
2420
2559
2380
2542
2633
2167
2682
2688
2449
2797
2303
2226
2518
2655
2196
2515
2793
2417
2351
2629
2102
2800
2496
2766
2303
2363
2221
2182
2807
2506
2126
2737
