=> sum=17136388 / sample_total_count=10000 =  average=1713
1688
1943
1901
1890
1848
1447
1887
1178
1317
1360
636
117
524
466
530
435
428
816
665
279
669
684
583
618
238
885
682
346
693
816
117
405
149
853
182
532
522
608
675
790
487
215
805
629
141
701
491
540
379
166
1455
1925
1472
2000
1736
1930
1250
1269
1181
1501
368
671
734
236
592
475
797
369
121
395
833
573
218
858
546
513
186
675
837
546
734
322
429
260
835
206
257
284
607
519
369
555
662
690
366
730
214
237
500
115
1624
1181
1468
1897
1642
1380
1695
1713
1289
1274
583
385
468
452
590
838
862
231
760
148
265
213
400
294
180
543
134
445
245
176
544
549
538
160
895
292
742
164
706
877
224
162
195
727
158
730
173
327
429
763
1592
1190
1405
1747
1770
1799
1962
1302
1868
1601
163
570
313
490
427
860
186
229
165
786
781
313
562
522
335
835
698
868
215
418
769
256
661
560
745
697
765
617
800
260
703
248
199
315
546
390
546
523
162
211
1369
1712
1208
1152
1238
1988
1182
1857
1124
1393
808
554
268
633
793
633
446
832
469
141
483
290
332
668
431
397
240
121
688
207
616
257
412
161
382
453
231
233
843
199
360
294
166
506
243
827
113
479
259
869
1213
1154
1734
1741
1280
1882
1680
1530
1815
1529
207
513
607
471
703
452
773
424
667
618
626
730
646
259
299
561
677
736
218
250
576
773
551
226
892
804
727
872
523
497
812
729
560
687
320
449
283
642
456
663
1413
1147
1987
1738
1930
1152
1807
1427
1241
1836
107
460
477
365
507
780
717
452
685
410
241
868
656
471
363
519
867
828
180
671
680
718
142
867
831
869
165
855
333
360
148
890
250
440
211
103
123
563
509
346
1153
1815
1741
1999
1238
1821
1777
1340
1291
1691
140
476
234
352
891
391
862
571
859
513
781
240
432
651
739
348
177
506
749
647
346
511
445
499
233
859
382
274
888
661
886
569
640
458
695
697
675
438
256
384
1148
1577
1524
1794
1276
1155
1945
1689
1585
1358
210
319
406
345
459
530
163
225
456
295
173
644
134
507
474
691
253
177
326
706
140
477
364
593
195
386
185
568
135
279
381
295
257
754
164
260
425
583
460
179
1772
1774
1914
1588
1980
1712
1774
1164
1904
1973
391
761
561
437
500
345
543
202
235
889
490
241
279
627
827
649
248
100
753
900
661
850
576
548
776
612
155
193
575
843
848
891
163
844
524
801
443
514
211
554
1305
1472
1671
1287
1440
1990
1282
1372
1760
1548
357
750
675
395
370
292
458
474
547
508
486
565
752
717
839
619
394
315
609
422
762
386
587
581
404
712
707
827
722
121
493
275
891
259
286
590
290
224
620
475
1136
1669
1425
1712
1329
1958
1169
1763
1274
1244
325
278
783
370
467
900
211
238
781
395
246
692
131
900
758
126
315
676
357
352
641
602
242
651
354
524
484
123
871
437
898
718
838
638
761
616
640
462
256
167
1353
1970
1215
1830
1318
1195
1906
1902
1679
1625
505
217
110
643
147
119
816
668
609
306
686
705
671
898
696
307
259
300
533
717
270
119
389
692
153
651
306
639
553
622
511
826
756
841
733
361
337
374
607
252
1647
1818
1254
1643
1374
1613
1493
1987
1767
1191
416
112
693
630
313
202
483
132
286
290
140
140
423
485
221
673
233
651
865
119
756
596
802
596
872
730
135
706
772
701
391
629
337
555
675
814
651
271
576
836
1449
1964
1603
1570
1477
1797
1843
1972
1253
1346
154
661
766
830
711
873
236
322
620
536
540
781
222
582
843
517
584
121
638
780
695
101
303
505
889
840
693
349
859
408
426
802
527
609
121
124
357
269
211
619
1547
1648
1610
1127
1161
1545
1124
1292
1113
1851
546
694
225
818
592
161
319
817
681
253
633
387
588
346
116
285
222
139
635
105
393
235
174
807
428
309
233
293
790
317
278
514
661
160
597
348
763
342
857
343
1642
1158
1234
1877
1896
1147
1529
1543
1208
1204
766
580
555
169
268
432
622
322
100
225
524
131
745
482
693
179
432
209
570
190
842
289
380
132
557
778
226
757
353
105
861
128
235
587
700
347
283
203
364
270
1215
1718
1585
1976
1218
1842
1130
1153
1953
1359
653
786
735
756
669
640
502
494
717
274
702
143
702
666
528
826
620
864
197
839
601
672
406
415
844
734
360
241
170
245
483
297
887
135
195
333
825
547
338
301
1636
1157
1657
1656
1401
1316
1824
1807
1479
1583
217
470
147
690
345
191
231
330
608
209
229
412
451
287
816
397
163
747
124
667
598
390
316
444
105
677
658
709
297
501
113
739
622
232
100
313
537
547
482
589
1624
1130
1502
1226
1332
1509
1335
1825
1477
1794
703
340
897
318
181
744
419
433
475
230
674
437
673
248
567
787
674
867
182
591
277
314
578
599
525
481
514
378
688
735
686
797
717
279
336
333
862
512
347
256
1239
1177
1182
1269
1196
1435
1338
1811
1915
1309
855
406
774
530
189
805
626
298
547
525
358
319
826
162
512
235
837
423
282
105
291
723
334
684
438
141
457
576
624
269
720
642
767
752
891
630
319
843
380
264
1283
1624
1544
1886
1338
1222
1905
1347
1245
1808
110
796
702
528
536
675
824
100
539
350
102
476
153
798
595
874
760
761
248
813
212
306
304
162
811
846
496
160
565
202
198
105
388
899
275
538
272
671
550
360
1934
1482
1660
1572
1278
1906
1520
1972
1308
1656
491
470
309
408
567
454
315
816
482
652
123
836
488
851
447
435
358
778
727
738
838
601
455
682
217
776
483
126
444
237
760
258
304
839
263
433
353
117
322
497
1437
1365
1365
1942
1643
1436
1871
1988
1142
1448
297
163
840
507
492
139
264
530
462
212
515
877
778
814
343
804
217
288
566
887
732
635
446
835
747
461
868
801
751
790
358
183
615
237
698
445
515
137
823
794
1935
1541
1286
1493
1276
2000
1393
1881
1935
1561
202
774
822
625
894
159
257
352
342
662
892
293
482
594
644
861
627
559
266
426
897
459
564
790
330
306
392
431
647
259
284
889
773
201
351
459
407
241
188
796
1352
1271
1826
1283
1967
1803
1270
1969
1652
1428
259
472
252
717
749
799
430
215
367
813
742
854
528
455
360
335
339
448
538
230
473
210
540
807
279
340
562
229
799
720
485
494
854
815
157
746
234
397
499
703
1361
1921
1721
1816
1309
1856
1355
1400
1845
1837
716
664
457
169
521
586
109
697
756
503
313
675
510
293
656
727
793
482
328
481
170
471
768
517
485
429
696
774
365
135
219
436
864
767
548
792
697
793
795
463
1590
1700
1597
1575
1833
1679
1119
1871
1370
1908
303
525
488
511
559
529
235
238
247
312
116
853
109
354
677
209
628
270
259
572
751
446
273
428
899
104
299
185
260
687
839
652
708
565
519
153
531
176
627
859
1265
1559
1765
1378
1374
1295
1528
1303
1911
1792
414
736
187
152
651
806
303
516
760
124
152
827
805
252
473
495
437
292
850
480
676
287
620
172
125
221
158
657
258
764
286
854
530
567
511
785
644
733
567
339
1346
1923
1519
1208
1983
1874
1396
1540
1600
1240
538
492
482
743
614
317
376
353
883
659
203
105
190
449
528
261
875
800
154
569
308
555
880
353
208
370
773
239
720
686
281
527
699
239
521
786
774
768
308
292
1637
1905
1635
1375
1305
1315
1245
1974
1483
1887
632
712
143
665
787
483
781
228
318
304
447
596
338
333
300
470
391
234
595
640
240
247
396
705
243
722
633
736
892
392
169
778
562
742
514
284
149
200
636
428
1656
1447
1198
1674
1783
1284
1749
1733
1249
1742
114
681
748
576
779
713
504
471
600
217
768
891
259
884
538
304
227
570
871
451
724
674
255
588
125
177
449
718
303
547
801
363
499
409
828
456
333
502
239
725
1864
1693
1512
1313
1488
1897
1183
1508
1882
1580
754
757
339
317
788
887
523
512
416
224
502
484
315
305
659
474
869
400
583
362
140
864
486
898
803
255
353
152
377
306
218
884
816
615
156
377
467
792
118
530
1369
1373
1178
1339
1792
1770
1363
1174
1267
1542
674
387
285
321
249
355
661
376
768
294
671
303
842
198
462
291
157
783
223
674
682
116
313
718
485
579
588
146
491
369
892
139
208
753
373
238
672
699
889
335
1924
1759
1159
1137
1836
1874
1899
1263
1173
1302
211
103
342
122
255
730
295
316
169
124
369
340
477
638
821
420
701
450
112
418
203
167
605
369
552
743
202
894
529
383
838
806
119
360
431
152
211
567
449
409
1353
1514
1941
1377
1595
1223
1133
1148
1601
1807
586
141
303
679
339
603
229
470
418
303
836
722
748
595
510
781
159
895
473
127
727
320
827
150
396
773
419
333
750
673
562
573
596
491
582
733
808
862
858
733
1670
1189
1654
1473
1400
1979
1274
1659
1311
1181
342
244
104
484
362
125
604
363
855
430
286
198
389
453
543
633
360
364
630
604
537
184
432
669
163
552
816
522
672
272
852
817
430
404
678
609
686
653
493
196
1222
1631
1600
1293
1606
1996
1698
1217
1582
1441
133
619
768
241
549
522
640
639
265
697
222
497
516
590
657
491
301
199
421
466
642
771
686
689
665
381
638
126
378
511
233
597
832
387
666
753
134
543
380
370
1797
1216
1915
1996
1566
1911
1303
2000
1622
1120
802
853
713
716
628
673
210
881
414
159
447
475
583
336
623
686
675
507
528
767
269
655
337
302
723
177
281
317
880
608
264
454
454
420
528
890
793
352
853
766
1763
1693
1359
1481
1793
1835
1992
1609
1558
1462
833
649
328
640
351
787
454
851
698
860
533
745
652
757
197
540
444
774
504
609
498
239
661
478
766
516
166
879
324
870
385
148
833
678
705
427
224
636
815
866
1253
1755
1802
1446
1723
1252
1788
1859
1610
1815
303
804
848
609
222
327
428
885
211
258
195
485
120
763
689
772
872
561
790
633
755
748
149
613
765
760
874
565
671
590
822
168
776
318
717
493
610
865
706
900
1709
1211
1150
1974
1393
1955
1156
1785
1516
1582
395
305
642
638
899
212
643
713
843
661
615
606
548
164
775
654
287
816
550
325
754
295
882
862
587
415
456
706
851
414
373
591
676
467
647
607
533
191
166
253
1944
1285
1575
1709
1799
1162
1340
1763
1539
1559
587
795
622
154
150
709
368
842
244
667
653
870
769
484
334
849
207
283
828
491
238
102
193
528
594
602
699
443
567
658
873
439
537
424
213
815
429
603
750
638
1645
1187
1329
1459
1123
1448
1433
1819
1275
1711
463
635
559
478
242
552
429
586
567
731
248
496
107
192
374
852
389
204
366
429
430
818
784
370
101
163
352
898
340
539
628
803
493
228
333
146
302
695
409
399
1848
1469
1474
1116
1566
1931
1435
1158
1547
1120
379
711
404
420
411
787
843
630
365
175
125
822
520
140
444
537
514
435
376
475
726
780
624
694
499
460
496
690
305
573
288
562
418
568
354
230
445
561
806
420
1728
1672
1969
1971
1996
1835
1927
1628
1901
1802
883
273
101
539
849
343
168
147
713
350
818
502
547
532
834
837
772
672
530
346
611
690
811
640
521
289
256
260
109
198
209
213
632
199
792
867
809
821
422
672
1759
1479
1355
1535
1882
1822
1935
1751
1127
1831
651
867
274
101
253
665
601
547
706
422
364
463
210
799
559
104
683
554
333
653
388
825
454
584
650
539
783
387
881
481
598
306
565
286
834
253
122
181
561
872
1734
1205
1902
1850
1670
1171
1315
1190
1494
1281
247
698
272
375
315
143
480
360
827
866
881
857
575
506
494
280
850
273
201
102
784
609
793
258
863
267
512
720
351
847
566
493
120
422
452
819
768
837
257
527
1610
1101
1388
1361
1209
1712
1894
1565
1333
1405
707
325
520
267
368
391
430
468
410
578
200
362
389
180
247
815
142
181
355
156
888
763
877
180
764
220
398
173
325
772
445
261
633
254
778
722
104
874
519
213
1485
1293
1540
1569
1329
1371
1764
1373
1606
1455
526
251
161
596
199
470
534
186
622
411
473
213
626
480
771
625
753
441
614
423
445
244
745
731
490
346
307
278
147
774
243
220
827
446
189
482
883
769
706
788
1758
1478
1353
1633
1639
1689
1480
1315
1826
1789
444
737
630
897
593
144
829
888
321
135
434
400
684
539
212
761
549
177
632
317
274
330
376
374
443
335
649
710
386
820
725
870
667
271
679
876
757
201
286
831
1735
1437
1952
1299
1807
1718
1712
1718
1843
1199
111
797
399
675
535
224
305
400
329
346
829
126
147
205
390
756
760
157
296
181
376
184
625
116
341
606
562
506
557
185
598
629
169
517
189
252
395
675
415
681
1893
1724
1305
1181
1654
1178
1321
1655
1129
1502
753
368
849
690
864
438
773
692
376
425
313
840
796
230
508
890
569
603
590
778
441
634
715
811
719
758
124
619
226
344
491
866
321
173
444
290
660
207
244
542
1651
1811
1881
1347
1302
1474
1899
1878
1872
1123
242
684
378
357
102
330
759
435
773
196
769
749
201
477
473
314
850
605
448
269
776
729
482
316
659
297
774
503
252
545
240
822
612
452
127
509
793
267
461
448
1813
1427
1346
1347
1418
1546
1822
1506
1710
1492
851
117
884
194
719
357
896
483
358
821
900
116
848
115
195
176
472
802
209
169
571
893
551
769
564
730
541
522
222
601
871
874
579
324
388
624
400
651
163
197
1992
1730
1765
1817
1373
1670
1158
1496
1658
1379
413
474
425
394
838
133
876
638
113
835
630
449
851
701
877
314
573
482
125
584
507
738
293
517
625
636
722
731
268
666
878
539
593
516
522
241
102
820
149
353
1965
1950
1781
1797
1800
1626
1560
1745
1461
1400
573
494
900
863
207
107
239
396
130
154
495
374
606
470
507
707
264
184
249
702
338
819
430
839
763
356
815
306
658
540
230
787
239
826
567
705
886
854
845
422
1781
1573
1307
1156
1822
1301
1744
1658
1271
1588
381
466
605
662
339
471
694
759
660
574
230
578
481
507
592
556
320
849
754
119
323
900
681
895
141
561
178
766
585
129
433
222
621
885
494
538
853
617
532
360
1204
1707
1417
1946
1434
1506
1330
1150
1643
1815
816
244
393
497
716
263
407
375
678
290
608
314
121
344
507
137
778
524
558
517
467
191
659
366
242
584
710
138
871
679
404
173
651
809
521
398
326
161
712
681
1655
1944
1117
1121
1431
1723
1171
1300
1819
1912
390
117
266
374
134
518
175
107
517
141
879
400
609
804
626
740
618
727
589
646
200
532
231
747
719
738
114
563
689
311
265
551
489
682
883
177
538
556
802
736
1343
1526
1984
1905
1566
1422
1608
1439
1257
1641
490
509
270
283
572
644
249
231
149
320
707
684
340
838
303
170
579
514
116
763
852
760
201
394
890
677
824
297
226
682
629
651
299
258
661
534
571
240
882
429
1463
1847
1482
1116
1482
1244
1643
1425
1447
1100
106
207
813
432
888
103
820
112
400
802
366
175
722
305
132
576
813
857
434
530
144
574
408
439
536
482
403
159
255
526
583
411
476
377
738
360
565
657
713
426
1426
1502
1995
1257
1723
1713
1654
1475
1627
1203
659
346
728
218
732
656
217
333
707
674
863
892
542
759
192
302
103
115
834
814
600
700
586
598
682
739
700
869
864
875
365
400
206
273
557
507
738
540
567
270
1178
1862
1718
1759
1654
1955
1874
1106
1111
1137
241
722
881
719
252
670
847
759
664
542
844
519
433
778
707
775
852
229
861
229
493
107
220
271
759
886
761
411
200
560
758
795
518
872
619
202
851
613
549
625
1177
1185
1548
1230
1159
1640
1217
1151
1894
1186
269
505
367
524
647
415
321
411
543
744
887
135
293
342
881
363
807
889
120
413
639
151
509
638
315
281
206
756
470
355
597
855
612
707
514
746
788
741
221
141
1986
1493
1590
1319
1877
1224
1125
1986
1573
1475
354
861
112
888
747
822
183
263
181
583
498
670
344
181
262
717
504
847
533
355
323
450
259
843
765
382
798
664
865
359
309
473
629
855
747
340
869
187
340
861
1399
1595
1194
1393
1282
1791
1201
1882
1309
1714
244
861
865
834
456
104
677
745
423
186
607
400
271
203
532
741
295
431
623
184
202
390
677
774
288
624
348
111
352
442
601
303
246
888
365
141
505
400
520
694
1240
1663
1224
1742
1151
1992
1712
1131
1565
1823
556
108
889
671
282
720
740
797
169
578
681
167
808
505
341
729
706
223
842
523
207
310
298
426
878
788
334
703
576
573
540
392
238
848
538
890
498
149
441
321
1427
1707
1770
1649
1464
1828
1536
1280
1211
1825
173
639
800
426
900
226
506
485
118
254
692
245
587
374
890
335
709
498
836
814
571
593
866
352
111
731
749
614
297
834
305
726
248
561
473
355
117
580
212
505
1957
1971
1395
1156
1117
1454
1324
1357
1521
1629
867
236
487
579
850
859
887
733
840
797
811
160
479
454
880
422
462
600
283
439
608
204
510
551
109
428
391
334
172
582
590
768
410
443
786
837
775
814
773
677
1759
1255
1381
1543
1980
1760
1276
1227
1802
1513
424
765
751
872
485
461
709
372
870
319
862
200
422
394
345
595
340
253
561
211
857
314
597
213
661
285
285
457
108
260
806
809
303
631
335
128
638
854
310
850
1302
1549
1206
1201
1243
1645
1612
1683
1634
1765
616
885
608
761
601
150
402
361
876
346
378
115
875
502
250
266
825
794
703
837
866
822
419
298
342
803
570
146
727
426
633
137
363
736
792
298
774
878
351
894
1115
1392
1500
1534
1451
1563
1624
1356
1428
1107
496
575
225
693
125
725
373
835
204
240
545
346
566
888
831
243
505
291
447
372
307
262
628
705
354
627
798
894
333
574
541
262
449
591
308
508
720
513
638
302
1923
1427
1979
1979
1526
1719
1534
1764
1957
1435
810
620
545
479
162
872
862
844
429
850
554
398
364
323
764
323
441
845
464
124
208
486
884
637
730
101
254
167
171
535
890
642
396
361
631
845
522
526
623
186
1842
1900
1123
1683
1939
1756
1606
1585
1832
1307
731
627
583
787
166
444
775
761
754
719
388
505
203
852
668
171
443
360
844
126
741
877
732
387
695
829
311
711
868
101
404
558
226
123
331
523
885
601
803
109
1946
1564
1765
1415
1616
1265
1909
1123
1457
1551
230
124
561
894
336
801
655
697
104
786
502
601
296
427
654
634
596
401
768
591
352
655
748
261
191
394
491
111
464
563
458
392
264
422
557
317
548
624
455
295
1101
1358
1176
1636
1979
1817
1738
1421
1851
1775
203
708
295
189
172
822
789
133
379
304
367
223
353
612
383
740
108
826
397
286
436
499
597
141
505
878
157
839
629
238
584
888
404
153
800
714
553
434
306
433
1762
1316
1543
1914
1408
1385
1636
1977
1298
1766
262
512
620
593
438
503
378
255
270
375
202
600
676
214
395
589
158
309
169
459
733
894
238
435
775
507
139
719
477
118
131
711
122
400
462
848
386
216
164
131
1686
1142
1561
1827
1457
1769
1649
1865
1587
1441
387
488
191
356
470
521
598
321
111
756
365
864
585
285
319
458
664
335
622
738
867
302
352
160
412
436
706
738
725
680
833
406
705
573
411
350
818
661
702
832
1459
1323
1990
1476
1429
1706
1296
1658
1432
1877
468
637
880
841
269
422
137
181
224
780
641
237
197
450
123
513
863
787
339
254
837
153
473
278
680
445
588
633
865
722
392
707
364
817
358
618
370
686
888
402
1919
1383
1189
1535
1467
1769
1837
1513
1404
1682
456
341
335
137
833
757
213
676
317
579
805
611
484
797
273
763
803
447
784
367
145
829
753
886
128
370
159
594
435
130
606
594
847
238
846
201
201
308
817
120
1412
1134
1657
1305
1539
1227
1813
1498
1925
1973
738
789
626
549
349
655
629
636
709
248
240
742
508
801
869
238
389
732
543
129
226
859
598
275
600
766
606
386
148
435
186
193
311
735
247
859
894
774
726
554
1395
1701
1600
1501
1337
1912
1428
1381
1358
1756
580
174
635
342
425
259
254
714
660
696
219
489
199
846
154
367
601
374
620
329
154
211
494
747
344
171
511
485
370
844
565
705
730
253
896
249
700
340
667
509
1609
1575
1126
1240
1936
1993
1233
1910
1505
1300
251
729
804
306
288
621
701
844
177
209
495
773
752
260
797
121
367
441
808
285
659
106
836
124
743
457
129
295
548
544
325
466
110
177
214
348
250
719
567
764
1250
1640
1578
1984
1829
1243
1371
1949
1567
1990
251
649
730
332
602
520
596
146
556
534
897
714
240
647
705
305
737
609
198
413
438
328
405
860
501
619
170
245
358
828
206
866
532
131
511
387
874
429
240
746
1805
1494
1789
1115
1859
1826
1225
1127
1110
1526
326
806
245
159
186
507
847
113
703
383
219
229
172
290
449
630
129
116
607
834
725
364
691
364
772
381
468
255
566
659
872
152
518
334
582
845
293
671
450
892
1352
1817
1491
1515
1999
1277
1785
1886
1715
1744
599
763
810
155
769
674
426
744
514
648
832
581
362
438
485
188
823
432
151
652
360
567
468
876
579
669
510
859
752
175
767
689
539
590
191
429
487
588
408
154
1220
1292
1140
1341
1179
1377
1636
1558
1976
1175
288
565
884
520
720
527
275
867
739
618
153
316
710
889
768
837
473
549
561
373
750
425
264
569
514
446
195
404
549
691
274
411
680
279
111
602
841
738
382
497
1900
1261
1656
1389
1555
1518
1816
1655
1571
1186
883
740
203
195
174
198
536
473
134
875
123
134
801
562
771
745
848
627
167
370
719
460
150
304
721
245
473
565
699
385
460
383
688
480
206
119
162
133
134
297
1154
1580
1810
1721
1765
1404
1467
1934
1593
1828
792
687
724
596
488
666
487
681
213
240
500
726
259
132
675
131
299
304
185
783
453
343
133
601
812
788
896
747
435
781
112
534
350
104
114
425
649
487
704
662
1354
1445
1398
1650
1779
1549
1733
1328
1304
1688
576
768
212
532
283
232
840
733
394
111
726
560
295
347
202
484
591
279
870
586
395
541
501
165
589
733
302
771
108
212
837
691
735
820
864
624
567
886
114
289
1531
1900
1816
1124
1553
1377
1249
1534
1160
1210
777
551
828
430
492
507
312
258
600
777
778
286
685
610
626
478
494
741
566
849
371
497
556
481
234
247
805
566
364
477
246
869
400
262
414
315
546
530
664
282
1488
1209
1821
1279
1208
1308
1846
1925
1837
1262
510
182
224
459
779
466
590
204
468
671
742
362
218
583
733
350
615
664
737
735
505
661
563
529
762
592
121
717
229
714
664
803
869
473
879
807
441
865
562
439
1859
1892
1912
1827
1676
1802
1356
1389
1684
1273
452
659
552
491
236
709
279
892
608
633
582
888
103
695
630
788
297
631
687
727
615
449
603
509
479
729
497
487
474
247
260
671
438
835
334
615
166
109
561
404
1538
1594
1587
1548
1179
1573
1653
1965
1346
1292
356
631
483
676
663
828
249
834
841
647
326
625
878
329
468
763
644
456
127
238
412
457
157
539
166
609
338
656
241
593
338
298
158
743
581
820
252
805
387
343
1491
1958
1393
1397
1921
1922
1694
1839
1248
1882
231
203
710
819
760
570
328
828
722
628
857
329
425
811
412
885
587
787
729
543
824
182
723
173
137
359
845
534
289
677
147
334
493
717
276
274
153
602
447
531
1818
1306
1286
1922
1913
1353
1703
1745
1936
1133
512
523
738
530
803
836
661
449
204
482
286
728
331
383
391
126
133
512
331
433
104
604
857
464
809
398
164
351
241
319
611
674
249
224
389
877
628
208
422
463
1975
1354
1491
1998
1862
1550
1489
1923
1891
1502
361
693
512
314
860
619
761
629
295
464
697
348
394
578
224
656
123
468
852
261
714
613
754
569
282
750
389
676
787
306
317
820
543
400
282
768
118
486
617
379
1812
1584
1271
1705
1644
1221
1200
1507
1739
1470
394
487
431
233
118
519
439
729
488
177
754
502
650
698
476
326
825
202
504
657
528
526
466
321
170
344
150
290
176
376
503
259
307
708
629
804
830
691
479
241
1440
1629
1166
1357
1504
1433
1526
1421
1983
1657
659
442
382
383
446
838
896
420
329
200
361
698
815
696
507
778
228
385
364
402
754
114
529
348
385
126
147
512
734
367
503
712
172
440
147
596
752
497
253
474
3986
3360
3198
3627
3483
3314
3601
3267
3974
3739
2764
2507
2522
2374
2361
2349
2264
2415
2789
2761
2102
2694
2197
2265
2524
2316
2814
2740
2227
2332
2667
2744
2488
2101
2631
2189
2769
2781
2683
2694
2273
2106
2719
2820
2477
2323
2383
2569
2308
2479
3124
3562
3649
3351
3902
3352
3820
3597
3433
3587
2761
2603
2579
2863
2380
2548
2869
2812
2216
2445
2175
2320
2227
2166
2236
2796
2222
2179
2339
2688
2283
2383
2691
2408
2874
2112
2138
2316
2700
2216
2859
2535
2225
2223
2835
2744
2743
2594
2667
2674
3692
3294
3815
3879
3671
3586
3649
3793
3650
3111
2429
2636
2319
2123
2851
2861
2709
2434
2669
2787
2875
2222
2685
2348
2705
2285
2682
2740
2299
2281
2393
2420
2337
2272
2514
2471
2667
2803
2500
2787
2777
2409
2251
2535
2562
2494
2232
2739
2415
2629
3392
3367
3998
3445
3878
3928
3806
3229
3213
3776
2264
2132
2372
2292
2546
2867
2167
2501
2344
2291
2717
2890
2174
2330
2279
2474
2816
2385
2286
2336
2890
2394
2324
2210
2253
2737
2212
2326
2141
2723
2872
2575
2112
2194
2601
2323
2199
2350
2197
2872
3436
3572
3550
3539
3585
3395
3953
3167
3407
3637
2374
2636
2703
2890
2248
2517
2271
2231
2752
2534
2473
2599
2738
2596
2888
2704
2459
2468
2634
2646
2386
2887
2511
2827
2383
2614
2667
2437
2181
2589
2860
2765
2634
2533
2637
2855
2638
2615
2732
2333
3210
3452
3587
3966
3810
3905
3303
3308
3688
3796
2684
2121
2125
2300
2864
2383
2756
2716
2463
2514
2628
2508
2475
2300
2234
2106
2327
2792
2410
2606
2719
2456
2379
2165
2505
2358
2660
2380
2248
2568
2896
2767
2458
2325
2252
2504
2567
2598
2835
2581
3370
3290
3235
3234
3668
3844
3750
3486
3513
3634
2645
2526
2811
2199
2653
2103
2331
2531
2741
2850
2504
2552
2245
2530
2271
2616
2895
2425
2115
2486
2454
2704
2297
2737
2187
2556
2110
2208
2625
2244
2638
2565
2669
2679
2383
2111
2311
2751
2405
2550
3664
3492
3508
3112
3449
3432
3642
3677
3987
3127
2598
2794
2278
2777
2646
2816
2833
2101
2405
2792
2725
2516
2426
2342
2728
2227
2399
2455
2522
2514
2385
2710
2516
2356
2308
2696
2805
2900
2594
2856
2728
2123
2243
2363
2476
2178
2378
2432
2660
2271
3746
3949
3627
3225
3641
3719
3603
3348
3408
3217
2120
2531
2739
2430
2327
2392
2104
2225
2694
2547
2110
2221
2144
2487
2544
2556
2275
2746
2473
2467
2714
2776
2376
2682
2823
2447
2220
2333
2421
2804
2527
2138
2209
2365
2635
2752
2123
2691
2520
2591
3483
3876
3437
3198
3346
3104
3622
3787
3666
3305
2282
2881
2135
2711
2332
2682
2617
2628
2750
2879
2273
2849
2885
2775
2542
2732
2650
2796
2566
2769
2691
2104
2358
2634
2153
2215
2390
2467
2819
2261
2542
2633
2528
2730
2681
2337
2206
2496
2408
2889
3322
3898
3774
3599
3962
3556
3537
3690
3655
3440
2333
2745
2878
2325
2294
2567
2595
2493
2397
2564
2688
2572
2333
2522
2445
2454
2153
2237
2747
2751
2835
2308
2518
2604
2427
2271
2867
2473
2714
2107
2593
2608
2562
2554
2791
2724
2704
2184
2578
2504
3910
3603
3248
3316
3433
3134
3227
3593
3794
3948
2307
2894
2200
2563
2462
2790
2322
2754
2602
2513
2641
2741
2485
2697
2518
2251
2751
2413
2716
2434
2268
2740
2801
2373
2326
2525
2191
2380
2862
2195
2728
2802
2759
2705
2758
2836
2366
2238
2154
2753
3792
3868
3357
3963
3463
3154
3129
3970
3121
3409
2888
2404
2705
2611
2512
2773
2163
2508
2221
2159
2657
2489
2391
2826
2168
2316
2615
2558
2542
2830
2453
2804
2633
2838
2661
2794
2897
2588
2351
2666
2331
2477
2497
2631
2366
2682
2410
2240
2822
2249
3445
3197
3156
3303
3256
3786
3514
3435
3722
3979
2298
2784
2545
2658
2818
2751
2152
2268
2899
2662
2167
2689
2249
2260
2832
2384
2673
2757
2471
2697
2581
2324
2140
2779
2247
2804
2148
2583
2742
2105
2487
2680
2742
2378
2534
2202
2573
2294
2528
2667
3989
3736
3304
3937
3951
3510
3718
3441
3187
3205
2827
2543
2574
2497
2553
2807
2289
2393
2178
2497
2770
2149
2714
2405
2187
2447
2126
2894
2480
2497
2705
2779
2580
2266
2829
2149
2460
2347
2788
2375
2887
2688
2384
2312
2430
2887
2314
2429
2660
2658
3658
3427
3342
3282
3565
3516
3998
3562
3400
3560
2111
2480
2488
2234
2452
2332
2627
2522
2500
2504
2206
2644
2118
2815
2685
2404
2769
2868
2551
2687
2811
2246
2375
2276
2646
2548
2400
2633
2643
2406
2836
2161
2761
2671
2734
2754
2174
2243
2619
2498
3781
3819
3179
3154
3859
3257
3450
3393
3477
3695
2106
2394
2438
2175
2832
2354
2238
2621
2886
2194
2326
2894
2594
2677
2425
2346
2486
2273
2585
2515
2493
2555
2885
2360
2474
2546
2429
2707
2790
2550
2645
2637
2334
2232
2634
2291
2551
2108
2767
2561
3936
3322
3244
3818
3503
3130
3656
3588
3325
3416
2759
2240
2880
2334
2508
2229
2804
2732
2383
2508
2185
2860
2894
2764
2339
2529
2712
2166
2529
2655
2257
2819
2134
2429
2811
2346
2347
2179
2809
2560
2722
2779
2200
2843
2577
2809
2246
2198
2702
2658
3947
3582
3561
3847
3583
3653
3439
3205
3872
3464
2868
2747
2782
2393
2114
2132
2746
2209
2470
2532
2678
2861
2859
2606
2378
2542
2802
2774
2114
2593
2763
2187
2806
2777
2545
2807
2486
2281
2496
2450
2314
2825
2423
2141
2326
2307
2127
2473
2512
2141
3757
3755
3464
3889
3794
3215
3677
3589
3399
3734
2209
2757
2480
2795
2312
2276
2810
2480
2239
2217
2355
2544
2119
2597
2264
2588
2419
2215
2875
2509
2496
2172
2485
2736
2244
2337
2798
2729
2581
2698
2694
2740
2682
2190
2888
2233
2447
2415
2721
2763
3821
3765
3782
3317
3128
3512
3909
3120
3402
3743
2841
2482
2524
2204
2333
2890
2578
2657
2652
2868
2412
2691
2308
2732
2355
2456
2675
2864
2871
2539
2896
2549
2309
2177
2617
2629
2687
2677
2386
2386
2667
2775
2654
2459
2745
2435
2744
2384
2877
2667
3781
3628
3617
3492
3809
3488
3506
3495
3377
3169
2778
2293
2799
2688
2553
2109
2711
2493
2154
2384
2773
2673
2267
2831
2584
2418
2472
2613
2175
2456
2778
2398
2560
2606
2842
2239
2211
2185
2271
2353
2603
2815
2544
2329
2257
2670
2645
2434
2485
2882
3878
3905
3477
3675
3622
3553
3601
3917
3595
3644
2604
2309
2454
2828
2628
2596
2558
2852
2766
2772
2375
2847
2777
2393
2674
2736
2882
2765
2351
2377
2875
2813
2129
2142
2484
2189
2277
2263
2547
2648
2716
2900
2824
2870
2171
2433
2867
2459
2511
2683
3873
3147
3573
3331
3246
3982
3312
3772
3904
3606
2435
2710
2337
2138
2598
2579
2233
2880
2689
2892
2681
2785
2529
2128
2595
2880
2615
2408
2110
2478
2504
2766
2101
2862
2195
2432
2469
2867
2186
2253
2100
2438
2705
2485
2568
2899
2873
2103
2691
2642
3804
3394
3747
3916
3459
3645
3506
3806
3719
3207
2334
2794
2666
2663
2717
2692
2418
2312
2222
2610
2847
2181
2544
2401
2313
2202
2746
2265
2216
2399
2834
2605
2697
2454
2265
2696
2571
2892
2112
2886
2179
2641
2379
2113
2718
2465
2338
2754
2484
2395
3617
3738
3451
3791
3901
3480
3551
3324
3733
3351
2454
2200
2703
2552
2538
2539
2547
2169
2675
2269
2896
2841
2419
2383
2466
2405
2159
2545
2192
2760
2866
2233
2333
2828
2592
2532
2338
2681
2817
2560
2630
2638
2226
2896
2574
2376
2129
2661
2207
2700
3486
3515
3339
3852
3604
3932
3282
3297
3311
3661
2403
2728
2355
2476
2130
2560
2271
2332
2310
2824
2138
2594
2312
2737
2328
2523
2190
2565
2148
2690
2355
2519
2316
2362
2135
2343
2851
2878
2840
2171
2175
2360
2252
2779
2100
2703
2802
2806
2209
2779
3104
3891
3695
3147
3571
3455
3802
3312
3105
3136
2443
2826
2262
2454
2663
2134
2376
2581
2207
2373
2300
2673
2687
2492
2300
2270
2190
2486
2648
2346
2116
2220
2133
2230
2270
2279
2720
2453
2546
2116
2344
2481
2743
2573
2880
2572
2391
2696
2283
2879
3254
3753
3952
3202
3667
3829
3339
3888
3241
3358
2484
2296
2399
2889
2129
2638
2125
2831
2761
2736
2673
2804
2313
2595
2556
2876
2146
2284
2889
2448
2137
2833
2444
2208
2494
2636
2152
2188
2578
2675
2379
2178
2638
2331
2712
2396
2740
2291
2843
2860
3482
3972
3842
3805
3380
3730
3420
3999
3198
3504
2825
2709
2112
2809
2616
2271
2622
2348
2325
2327
2519
2236
2227
2677
2556
2777
2336
2790
2799
2899
2632
2625
2766
2589
2758
2486
2349
2122
2541
2330
2193
2151
2535
2750
2724
2535
2420
2523
2611
2733
3814
3158
3797
3692
3837
3553
3256
3340
3796
3147
2205
2218
2139
2854
2827
2341
2309
2536
2692
2393
2113
2138
2420
2150
2769
2473
2827
2197
2182
2898
2728
2283
2704
2109
2272
2882
2292
2175
2794
2828
2704
2339
2167
2231
2549
2293
2163
2321
2240
2557
3141
3868
3915
3293
3333
3642
3388
3618
3718
3461
2165
2651
2102
2412
2142
2581
2216
2475
2497
2162
2112
2522
2579
2343
2661
2664
2256
2225
2867
2636
2864
2220
2195
2390
2666
2560
2299
2148
2770
2887
2155
2564
2810
2731
2103
2353
2404
2585
2848
2400
3824
3368
3387
3843
3659
3189
3341
3522
3715
3430
2612
2172
2185
2316
2696
2754
2640
2853
2490
2580
2325
2506
2831
2691
2555
2437
2548
2402
2824
2123
2624
2828
2647
2699
2847
2585
2423
2459
2570
2322
2195
2480
2733
2820
2570
2614
2603
2634
2620
2616
3463
3983
3128
3801
3197
3423
3479
3479
3374
3482
2704
2239
2576
2450
2192
2462
2536
2638
2658
2557
2743
2654
2433
2205
2400
2362
2486
2687
2164
2592
2255
2774
2243
2745
2216
2150
2133
2737
2425
2634
2730
2364
2711
2401
2219
2692
2564
2673
2855
2856
3103
3117
3274
3515
3662
3918
3431
3948
3677
3187
2492
2621
2688
2366
2582
2833
2493
2799
2322
2560
2579
2249
2127
2704
2427
2371
2402
2284
2394
2574
2668
2559
2144
2290
2200
2863
2743
2780
2701
2241
2426
2159
2599
2515
2237
2722
2182
2188
2392
2440
3146
3999
3736
3939
3204
3783
3384
3382
3202
3632
2554
2350
2185
2399
2141
2325
2334
2490
2140
2738
2671
2600
2340
2788
2135
2653
2116
2583
2225
2879
2592
2726
2406
2623
2405
2153
2565
2623
2140
2668
2578
2144
2754
2100
2567
2489
2577
2866
2227
2637
3602
3884
3419
3197
3996
3832
3983
3756
3852
3692
2864
2679
2381
2785
2362
2154
2710
2246
2241
2538
2378
2660
2118
2875
2725
2477
2550
2647
2866
2187
2629
2425
2190
2552
2368
2308
2574
2531
2774
2239
2275
2288
2151
2579
2368
2555
2749
2397
2152
2228
3248
3369
3642
3213
3486
3478
3181
3750
3215
3733
2284
2288
2164
2536
2158
2345
2245
2339
2877
2614
2628
2794
2130
2899
2870
2271
2147
2596
2506
2770
2589
2801
2485
2523
2654
2759
2401
2190
2420
2600
2503
2319
2810
2482
2670
2774
2310
2131
2674
2495
3762
3949
3140
3379
3324
3311
3781
3905
3321
3671
2781
2439
2147
2452
2487
2425
2634
2757
2712
2574
2614
2321
2639
2589
2461
2489
2639
2342
2248
2102
2351
2860
2817
2274
2399
2750
2428
2671
2717
2641
2653
2457
2664
2818
2575
2827
2208
2622
2420
2469
3939
3102
3745
3463
3591
3899
3115
3838
3754
3792
2747
2708
2575
2433
2244
2252
2686
2700
2554
2564
2265
2316
2601
2554
2587
2713
2270
2846
2851
2565
2801
2769
2526
2226
2768
2187
2478
2772
2527
2256
2735
2190
2641
2404
2395
2581
2621
2641
2399
2768
3598
3214
3580
3708
3296
3193
3925
3633
3962
3339
2599
2857
2724
2361
2900
2206
2498
2453
2439
2371
2646
2328
2561
2493
2403
2824
2473
2325
2431
2627
2632
2781
2262
2186
2223
2135
2280
2196
2211
2118
2872
2354
2669
2826
2380
2222
2326
2273
2500
2385
3836
3181
3141
3594
3216
3732
3693
3494
3228
3481
2695
2361
2346
2532
2289
2803
2634
2448
2290
2252
2798
2350
2876
2199
2649
2497
2440
2634
2669
2619
2627
2720
2612
2848
2840
2443
2790
2695
2806
2215
2853
2788
2396
2432
2896
2530
2371
2177
2117
2794
3912
3389
3387
3603
3360
3622
3984
3395
3865
3536
2754
2468
2247
2604
2881
2288
2385
2348
2890
2466
2471
2530
2419
2284
2761
2590
2547
2890
2444
2741
2165
2473
2713
2154
2289
2820
2843
2845
2776
2111
2462
2117
2360
2711
2114
2434
2149
2757
2505
2693
3637
3940
3213
3860
3388
3863
3985
3814
3221
3482
2623
2662
2634
2106
2393
2614
2320
2725
2584
2170
2140
2434
2730
2680
2323
2516
2304
2534
2448
2469
2384
2203
2478
2269
2132
2354
2185
2390
2622
2326
2466
2259
2539
2369
2582
2300
2369
2328
2733
2884
3221
3548
3937
3351
3480
3801
3975
3496
3749
3644
2658
2231
2440
2559
2215
2324
2485
2178
2571
2713
2150
2743
2655
2284
2819
2100
2715
2183
2391
2798
2392
2733
2121
2840
2243
2886
2402
2627
2543
2233
2136
2633
2672
2489
2827
2329
2820
2200
2221
2328
3838
3402
3739
3785
3494
3294
3786
3607
3238
3178
2129
2560
2157
2744
2395
2888
2549
2719
2840
2589
2341
2364
2876
2217
2772
2402
2480
2795
2568
2584
2894
2834
2195
2243
2349
2375
2875
2429
2595
2603
2173
2869
2387
2176
2611
2877
2242
2300
2577
2125
3950
3556
3277
3566
3159
3384
3632
3342
3979
3442
2242
2647
2159
2294
2584
2358
2715
2698
2327
2711
2193
2842
2179
2241
2867
2676
2858
2720
2544
2855
2709
2557
2316
2526
2166
2860
2753
2539
2683
2214
2575
2334
2878
2370
2833
2273
2402
2426
2413
2869
3627
3882
3808
3381
3558
3510
3323
3854
3598
3530
2172
2524
2518
2830
2206
2108
2722
2893
2449
2701
2266
2689
2349
2302
2402
2776
2519
2346
2625
2794
2121
2190
2743
2333
2452
2431
2773
2225
2237
2299
2206
2789
2138
2188
2590
2870
2215
2136
2384
2745
3493
3701
3981
3242
3362
3959
3133
3121
3851
3993
2548
2827
2625
2720
2474
2789
2890
2751
2565
2526
2582
2554
2138
2554
2242
2311
2604
2337
2554
2481
2412
2711
2653
2384
2371
2163
2558
2544
2362
2825
2619
2367
2125
2877
2727
2388
2172
2755
2790
2349
3887
3176
3857
3351
3628
3675
3153
3256
3989
3210
2372
2114
2257
2567
2491
2637
2634
2342
2166
2632
2274
2421
2490
2484
2378
2163
2120
2212
2571
2497
2666
2232
2367
2168
2840
2568
2316
2406
2506
2645
2361
2876
2772
2429
2186
2721
2237
2364
2469
2758
3998
3499
3724
3330
3412
3381
3537
3975
3500
3505
2264
2748
2642
2803
2206
2391
2702
2373
2590
2529
2192
2290
2840
2727
2866
2800
2456
2675
2293
2211
2836
2544
2143
2329
2473
2791
2793
2108
2362
2774
2764
2734
2745
2556
2181
2509
2621
2305
2642
2109
3994
3832
3641
3770
3656
3902
3715
3170
3539
3923
2381
2411
2172
2671
2733
2172
2557
2498
2708
2109
2204
2638
2619
2488
2225
2353
2737
2878
2614
2203
2894
2646
2385
2152
2319
2432
2873
2250
2851
2892
2374
2690
2381
2739
2416
2704
2686
2121
2243
2352
3163
3477
3115
3136
3337
3689
3625
3966
3682
3713
2692
2494
2289
2365
2296
2515
2822
2586
2146
2101
2238
2547
2752
2684
2218
2759
2493
2650
2790
2429
2536
2414
2510
2431
2382
2229
2613
2689
2239
2306
2200
2732
2192
2202
2165
2408
2792
2492
2895
2759
3498
3901
3737
3247
3701
3457
3713
3619
3798
3999
2536
2763
2455
2437
2338
2278
2347
2139
2718
2431
2424
2533
2489
2699
2464
2746
2781
2672
2865
2307
2311
2359
2528
2179
2575
2631
2211
2398
2248
2513
2863
2778
2806
2657
2473
2341
2157
2641
2693
2160
3403
3423
3139
3796
3956
3931
3130
3682
3864
3494
2597
2139
2818
2511
2222
2670
2609
2213
2337
2822
2261
2847
2399
2270
2766
2499
2719
2516
2884
2551
2472
2764
2561
2463
2380
2185
2153
2481
2837
2576
2878
2544
2706
2286
2756
2307
2552
2415
2462
2168
3376
3338
3603
3678
3487
3753
3305
3210
3176
3469
2694
2779
2743
2646
2360
2556
2774
2600
2297
2585
2718
2373
2643
2516
2663
2345
2645
2403
2713
2879
2179
2889
2873
2756
2513
2878
2641
2894
2385
2179
2849
2316
2717
2616
2785
2264
2444
2370
2612
2390
3842
3936
3906
3402
3196
3237
3919
3369
3289
3272
2590
2770
2766
2387
2673
2729
2883
2863
2292
2710
2140
2746
2116
2632
2406
2624
2705
2299
2238
2555
2782
2581
2214
2744
2147
2350
2575
2846
2683
2425
2509
2473
2354
2303
2693
2682
2136
2733
2700
2885
3902
3210
3527
3834
3918
3596
3225
3111
3721
3753
2343
2626
2528
2287
2172
2670
2150
2548
2732
2139
2143
2450
2870
2691
2721
2367
2501
2326
2739
2323
2522
2557
2720
2427
2219
2182
2780
2160
2776
2483
2523
2491
2494
2515
2835
2723
2606
2832
2524
2883
3235
3314
3415
3140
3284
3576
3470
3681
3837
3558
2160
2402
2445
2115
2609
2655
2679
2570
2824
2751
2626
2216
2230
2430
2150
2486
2155
2191
2718
2586
2410
2292
2415
2448
2501
2894
2521
2170
2652
2554
2297
2757
2532
2726
2668
2107
2795
2672
2876
2198
3551
3777
3799
3710
3652
3653
3227
3969
3569
3359
2501
2547
2598
2139
2704
2704
2230
2621
2577
2584
2281
2835
2192
2272
2546
2303
2860
2334
2187
2217
2385
2803
2884
2143
2716
2667
2204
2324
2253
2567
2501
2886
2806
2123
2591
2406
2806
2540
2168
2149
3695
3200
3101
3336
3726
3718
3314
3736
3139
3561
2170
2599
2315
2894
2853
2839
2660
2820
2254
2848
2166
2825
2305
2172
2863
2200
2260
2718
2316
2796
2814
2323
2290
2723
2560
2672
2686
2672
2145
2747
2837
2861
2696
2683
2267
2372
2431
2359
2456
2128
3172
3933
3789
3706
3139
3826
3891
3433
3641
3205
2553
2439
2325
2879
2293
2572
2607
2526
2836
2496
2188
2668
2515
2880
2581
2310
2417
2898
2399
2733
2686
2396
2702
2324
2814
2508
2255
2477
2857
2467
2408
2795
2880
2874
2187
2305
2587
2554
2622
2876
3523
3618
3590
3915
3710
3839
3831
3942
3901
3158
2572
2152
2271
2786
2242
2434
2167
2656
2679
2468
2301
2130
2192
2704
2221
2717
2437
2325
2191
2831
2571
2102
2839
2473
2872
2888
2390
2263
2188
2656
2582
2401
2451
2492
2836
2314
2426
2334
2289
2175
3935
3843
3609
3966
3895
3784
3135
3463
3238
3683
2882
2241
2311
2103
2565
2378
2466
2290
2417
2164
2501
2391
2184
2758
2868
2154
2440
2289
2810
2654
2404
2709
2882
2362
2477
2150
2204
2272
2810
2883
2722
2178
2849
2807
2657
2507
2535
2863
2124
2751
3785
3833
3338
3577
3885
3355
3808
3765
3518
3623
2894
2748
2491
2695
2644
2105
2433
2394
2151
2871
2482
2764
2630
2207
2404
2419
2842
2155
2685
2663
2174
2753
2847
2621
2104
2888
2614
2853
2860
2264
2585
2813
2257
2508
2580
2477
2651
2887
2447
2858
3638
3109
3247
3174
3888
3458
3843
3582
3580
3499
2104
2439
2594
2585
2501
2191
2889
2212
2818
2166
2408
2400
2895
2717
2146
2490
2400
2527
2175
2136
2727
2294
2159
2106
2735
2386
2725
2535
2725
2484
2493
2801
2553
2858
2252
2810
2837
2165
2269
2661
3867
3772
3790
3974
3879
3763
3389
3722
3475
3931
2849
2258
2402
2813
2181
2884
2887
2473
2765
2189
2826
2656
2533
2142
2199
2869
2159
2645
2125
2256
2480
2192
2801
2853
2498
2115
2888
2355
2429
2790
2247
2815
2637
2552
2552
2826
2300
2714
2243
2360
3645
3343
3471
3228
3936
3785
3106
3253
3640
3473
2709
2661
2238
2781
2253
2182
2683
2727
2446
2458
2149
2685
2576
2123
2734
2250
2585
2289
2335
2881
2111
2311
2789
2590
2211
2663
2415
2882
2753
2757
2647
2867
2667
2305
2300
2131
2648
2199
2107
2430
3898
3776
3252
3905
3942
3536
3688
3931
3461
3619
2873
2677
2540
2383
2312
2327
2792
2519
2652
2148
2832
2306
2830
2704
2803
2871
2234
2208
2586
2432
2543
2883
2697
2313
2421
2678
2609
2704
2841
2397
2710
2332
2864
2716
2282
2140
2358
2865
2650
2456
3762
3209
3388
3550
3786
3553
3333
3638
3130
3902
2239
2793
2815
2820
2826
2160
2333
2757
2270
2534
2714
2842
2451
2743
2440
2507
2843
2433
2202
2866
2105
2168
2851
2417
2387
2488
2281
2498
2142
2173
2270
2900
2384
2791
2269
2632
2787
2879
2220
2851
3196
3112
3206
3742
3430
3334
3707
3681
3656
3307
2809
2546
2603
2123
2178
2351
2547
2226
2617
2361
2291
2617
2850
2132
2472
2444
2852
2280
2133
2376
2498
2872
2842
2800
2457
2147
2265
2861
2121
2755
2289
2574
2458
2136
2359
2764
2576
2114
2337
2393
3574
3460
3658
3526
3228
3205
3548
3372
3206
3609
2328
2376
2327
2665
2776
2504
2523
2842
2193
2829
2508
2483
2845
2345
2103
2147
2257
2121
2733
2422
2768
2180
2818
2159
2115
2263
2860
2790
2866
2116
2252
2391
2740
2733
2892
2449
2834
2323
2217
2715
3267
3924
3112
3408
3171
3989
3859
3308
3705
3725
2463
2410
2293
2277
2391
2484
2248
2184
2628
2593
2286
2238
2650
2146
2348
2627
2776
2121
2413
2127
2483
2852
2381
2462
2191
2717
2616
2462
2753
2874
2132
2148
2353
2508
2805
2881
2410
2244
2847
2713
3186
3952
3269
3714
3699
3683
3108
3392
3240
3927
2459
2703
2367
2221
2601
2819
2307
2566
2447
2728
2223
2417
2297
2307
2600
2137
2489
2796
2271
2274
2641
2688
2210
2515
2215
2139
2465
2168
2519
2668
2699
2566
2657
2601
2549
2874
2359
2616
2776
2797
3355
3165
3644
3175
3833
3182
3625
3824
3879
3831
2764
2262
2463
2812
2852
2437
2260
2168
2601
2225
2618
2552
2481
2730
2283
2458
2689
2429
2312
2276
2209
2519
2259
2555
2819
2206
2538
2876
2469
2258
2826
2181
2321
2217
2642
2374
2600
2275
2311
2768
3975
3828
3181
3499
3439
3661
3876
3631
3832
3124
2662
2453
2258
2831
2441
2679
2293
2577
2550
2130
2641
2206
2655
2720
2156
2528
2562
2607
2470
2169
2572
2235
2216
2787
2621
2159
2278
2411
2822
2693
2185
2513
2867
2687
2279
2315
2697
2578
2857
2553
3583
3888
3212
3197
3704
3207
3669
3820
3529
3544
2163
2209
2568
2568
2460
2545
2457
2802
2128
2560
2463
2426
2534
2897
2605
2632
2818
2253
2131
2643
2602
2186
2156
2457
2746
2451
2148
2750
2315
2896
2862
2523
2742
2662
2677
2731
2844
2149
2709
2301
3664
3977
3891
3816
3987
3672
3852
3458
3824
3671
2535
2671
2433
2118
2234
2752
2891
2316
2274
2873
2428
2287
2358
2150
2756
2469
2300
2512
2797
2207
2133
2807
2125
2127
2876
2168
2888
2513
2458
2203
2783
2769
2789
2874
2212
2752
2684
2571
2465
2121
3933
3613
3920
3807
3884
3253
3337
3355
3299
3411
2651
2466
2496
2135
2880
2733
2569
2245
2732
2864
2262
2265
2769
2127
2517
2865
2744
2505
2718
2455
2678
2160
2842
2780
2501
2650
2599
2222
2483
2285
2662
2453
2557
2747
2577
2219
2189
2125
2521
2238
3250
3937
3909
3387
3469
3909
3468
3401
3566
3110
2130
2892
2859
2582
2400
2336
2297
2513
2150
2772
2862
2592
2218
2436
2603
2761
2763
2839
2483
2454
2162
2821
2567
2631
2554
2840
2202
2759
2517
2318
2498
2547
2253
2877
2759
2422
2776
2370
2534
2788
3686
3213
3757
3876
3773
3512
3552
3435
3797
3355
2202
2399
2328
2895
2787
2334
2655
2513
2233
2842
2358
2415
2137
2232
2508
2499
2281
2149
2828
2674
2180
2152
2528
2836
2892
2454
2278
2159
2792
2143
2815
2311
2641
2216
2825
2526
2445
2893
2617
2888
3944
3196
3582
3842
3740
3239
3377
3991
3144
3784
2779
2629
2417
2802
2246
2143
2392
2411
2121
2416
2203
2764
2729
2234
2247
2471
2535
2332
2511
2460
2359
2897
2495
2812
2101
2633
2610
2557
2477
2476
2157
2425
2108
2486
2712
2819
2768
2853
2306
2830
3240
3916
3427
3801
3857
3264
3580
3765
3281
3175
2703
2667
2764
2887
2758
2419
2595
2309
2535
2212
2223
2150
2621
2869
2507
2366
2173
2643
2272
2879
2534
2554
2157
2878
2192
2538
2756
2167
2508
2351
2236
2271
2754
2630
2481
2393
2297
2178
2335
2517
3600
3797
3811
3571
3243
3356
3354
3307
3819
3591
2607
2668
2384
2690
2468
2213
2597
2516
2283
2827
2412
2363
2765
2316
2609
2738
2828
2611
2887
2424
2427
2476
2494
2309
2740
2730
2426
2140
2606
2519
2663
2844
2162
2637
2472
2393
2181
2657
2275
2292
3107
3216
3152
3882
3463
3306
3692
3238
3536
3470
2191
2506
2679
2896
2146
2262
2823
2286
2699
2600
2716
2723
2401
2891
2211
2157
2636
2578
2566
2672
2404
2350
2211
2569
2830
2475
2552
2758
2451
2279
2669
2600
2825
2451
2651
2677
2179
2587
2553
2770
3304
3184
3246
3251
3109
3995
3383
3631
3623
3282
2214
2551
2193
2303
2692
2749
2252
2199
2215
2373
2547
2554
2401
2296
2399
2350
2453
2560
2289
2268
2134
2557
2240
2692
2314
2662
2246
2346
2682
2589
2511
2143
2586
2692
2380
2697
2124
2778
2124
2243
3493
3378
3180
3188
3306
3665
3687
3159
3365
3590
2135
2852
2819
2860
2689
2633
2340
2881
2887
2231
2317
2553
2130
2755
2441
2264
2786
2826
2179
2166
2364
2433
2783
2796
2582
2786
2330
2271
2582
2862
2489
2455
2189
2147
2879
2228
2211
2250
2545
2745
3752
3814
3445
3952
3907
3558
3611
3124
3151
3149
2784
2593
2268
2475
2828
2676
2654
2683
2875
2181
2321
2849
2450
2242
2549
2657
2459
2221
2212
2431
2671
2737
2317
2137
2493
2858
2899
2575
2756
2896
2218
2352
2130
2408
2872
2802
2860
2587
2219
2506
3518
3371
3830
3544
3469
3920
3373
3408
3215
3378
2760
2584
2861
2354
2204
2724
2323
2315
2723
2648
2365
2742
2708
2598
2831
2182
2169
2131
2601
2670
2204
2593
2212
2434
2876
2372
2898
2350
2665
2857
2767
2215
2883
2289
2896
2855
2831
2535
2589
2280
3755
3323
3611
3164
3292
3114
3189
3199
3364
3119
2718
2109
2848
2530
2137
2742
2426
2623
2608
2241
2827
2287
2521
2894
2430
2466
2438
2778
2157
2439
2804
2727
2373
2889
2330
2132
2645
2799
2485
2205
2165
2666
2764
2519
2245
2183
2698
2731
2745
2621
3814
3928
3696
3521
3927
3411
3327
3577
3747
3178
2800
2834
2558
2324
2616
2247
2495
2590
2453
2886
2563
2566
2486
2149
2650
2246
2343
2657
2323
2557
2799
2110
2654
2278
2818
2744
2205
2593
2219
2712
2785
2534
2297
2478
2563
2489
2206
2129
2820
2555
3981
3187
3281
3587
3562
3449
3732
3699
3316
3175
2660
2129
2553
2589
2397
2444
2567
2529
2374
2287
2322
2703
2799
2289
2585
2165
2351
2150
2206
2582
2781
2832
2560
2602
2527
2584
2398
2829
2488
2462
2336
2332
2675
2594
2321
2358
2783
2657
2322
2622
3582
3882
3366
3192
3955
3469
3621
3251
3527
3762
2320
2295
2724
2106
2246
2512
2621
2223
2497
2124
2152
2402
2283
2289
2883
2438
2300
2867
2650
2737
2165
2672
2230
2264
2266
2814
2275
2596
2469
2306
2746
2527
2694
2216
2750
2736
2678
2801
2709
2384
3363
3954
3959
3918
3567
3358
3756
3234
3740
3692
2305
2768
2788
2464
2160
2640
2106
2652
2179
2492
2701
2353
2213
2331
2178
2821
2836
2421
2287
2741
2141
2288
2427
2627
2878
2334
2857
2686
2474
2691
2692
2222
2686
2195
2519
2840
2488
2542
2152
2653
3375
3415
3338
3174
3291
3512
3517
3369
3362
3247
2841
2760
2357
2414
2137
2221
2424
2254
2298
2271
2494
2707
2386
2868
2298
2282
2530
2706
2365
2798
2229
2353
2633
2513
2497
2206
2385
2787
2414
2779
2795
2281
2394
2566
2447
2688
2181
2361
2332
2557
3762
3474
3136
3490
3694
3986
3699
3185
3862
3162
2132
2207
2793
2398
2211
2191
2230
2111
2780
2103
2567
2471
2199
2770
2574
2298
2655
2599
2410
2416
2350
2515
2276
2154
2786
2493
2110
2219
2439
2651
2762
2719
2828
2680
2748
2589
2707
2560
2852
2489
3947
3460
3919
3329
3928
3970
3437
3209
3215
3264
2795
2393
2721
2269
2799
2853
2725
2877
2505
2829
2807
2202
2310
2751
2577
2400
2258
2253
2488
2353
2543
2223
2718
2741
2543
2381
2624
2486
2249
2562
2701
2790
2572
2639
2376
2187
2803
2198
2185
2397
3110
3133
3284
3898
3598
3305
3926
3689
3542
3815
2788
2409
2194
2232
2810
2660
2586
2347
2672
2149
2403
2255
2209
2338
2861
2661
2285
2696
2380
2493
2417
2477
2292
2808
2672
2672
2766
2528
2292
2340
2654
2604
2208
2260
2589
2421
2136
2119
2665
2685
3910
3880
3897
3372
3482
3561
3657
3730
3401
3200
2864
2411
2120
2745
2435
2159
2153
2580
2187
2755
2771
2483
2880
2352
2453
2647
2424
2451
2895
2538
2569
2314
2145
2426
2690
2656
2441
2379
2189
2316
2375
2674
2607
2412
2260
2220
2556
2545
2413
2744
3800
4000
3918
3929
3879
3639
3826
3955
3826
3386
2446
2790
2293
2760
2233
2625
2102
2837
2805
2843
2875
2756
2184
2322
2357
2672
2784
2714
2295
2733
2101
2290
2247
2500
2153
2507
2120
2409
2883
2615
2606
2243
2164
2856
2887
2624
2744
2622
2271
2762
